1709024072852 47.0 0
1709024072854 23.0 0
1709024072855 93.0 0
1709024072860 44.0 0
1709024072861 67.0 0
1709024072863 74.0 0
1709024072865 31.0 0
1709024072868 40.0 0
1709024072875 69.0 0
1709024072875 60.0 0
1709024072879 38.0 0
1709024072882 92.0 0
1709024072886 99.0 0
1709024072890 5.0 0
1709024072893 7.0 0
1709024072904 88.0 0
1709024072905 84.0 0
1709024072905 49.0 0
1709024072906 58.0 0
1709024072907 57.0 0
1709024072908 86.0 0
1709024072910 94.0 0
1709024072911 27.0 0
1709024072911 64.0 0
1709024072915 47.0 0
1709024072916 41.0 0
1709024072918 86.0 0
1709024072919 6.0 0
1709024072920 69.0 0
1709024072923 71.0 0
1709024072923 77.0 0
1709024072930 95.0 0
1709024072931 69.0 0
1709024072933 49.0 0
1709024072938 16.0 0
1709024072943 93.0 0
1709024072945 7.0 0
1709024072949 68.0 0
1709024072949 42.0 0
1709024072950 82.0 0
1709024072954 51.0 0
1709024072955 46.0 0
1709024072956 65.0 0
1709024072957 15.0 0
1709024072960 85.0 0
1709024072964 95.0 0
1709024072965 62.0 0
1709024072965 65.0 0
1709024072966 44.0 0
1709024072968 4.0 0
1709024072971 7.0 0
1709024072974 72.0 0
1709024072975 36.0 0
1709024072980 33.0 0
1709024072981 94.0 0
1709024072987 66.0 0
1709024072991 18.0 0
1709024072993 56.0 0
1709024072996 53.0 0
1709024073003 78.0 0
1709024073005 89.0 0
1709024073018 18.0 0
1709024073019 30.0 0
1709024073020 3.0 0
1709024073021 2.0 0
1709024073022 51.0 0
1709024073026 4.0 0
1709024073030 88.0 0
1709024073031 42.0 0
1709024073032 38.0 0
1709024073033 71.0 0
1709024073042 13.0 0
1709024073047 60.0 0
1709024073047 59.0 0
1709024073049 18.0 0
1709024073054 92.0 0
1709024073058 30.0 0
1709024073060 10.0 0
1709024073065 25.0 0
1709024073066 31.0 0
1709024073068 98.0 0
1709024073073 75.0 0
1709024073076 4.0 0
1709024073078 89.0 0
1709024073083 22.0 0
1709024073091 80.0 0
1709024073093 19.0 0
1709024073097 90.0 0
1709024073102 15.0 0
1709024073103 19.0 0
1709024073106 90.0 0
1709024073111 12.0 0
1709024073112 52.0 0
1709024073117 73.0 0
1709024073118 53.0 0
1709024073119 86.0 0
1709024073123 19.0 0
1709024073131 7.0 0
1709024073135 80.0 0
1709024073136 75.0 0
1709024073137 61.0 0
1709024073141 31.0 0
1709024073143 55.0 0
1709024073146 42.0 0
1709024073154 70.0 0
1709024073162 57.0 0
1709024073166 19.0 0
1709024073167 2.0 0
1709024073170 50.0 0
1709024073172 83.0 0
1709024073179 5.0 0
1709024073181 98.0 0
1709024073187 9.0 0
1709024073188 17.0 0
1709024073191 90.0 0
1709024073196 55.0 0
1709024073196 71.0 0
1709024073199 38.0 0
1709024073202 60.0 0
1709024073203 24.0 0
1709024073209 38.0 0
1709024073212 41.0 0
1709024073214 49.0 0
1709024073215 35.0 0
1709024073216 90.0 0
1709024073219 20.0 0
1709024073221 73.0 0
1709024073223 99.0 0
1709024073224 10.0 0
1709024073225 65.0 0
1709024073226 0.0 0
1709024073227 19.0 0
1709024073229 63.0 0
1709024073230 94.0 0
1709024073234 66.0 0
1709024073237 86.0 0
1709024073240 37.0 0
1709024073242 89.0 0
1709024073243 7.0 0
1709024073244 93.0 0
1709024073245 52.0 0
1709024073252 44.0 0
1709024073254 88.0 0
1709024073255 40.0 0
1709024073259 20.0 0
1709024073261 3.0 0
1709024073263 85.0 0
1709024073264 68.0 0
1709024073266 52.0 0
1709024073267 60.0 0
1709024073270 70.0 0
1709024073270 68.0 0
1709024073271 5.0 0
1709024073272 82.0 0
1709024073275 91.0 0
1709024073276 76.0 0
1709024073278 34.0 0
1709024073286 96.0 0
1709024073287 47.0 0
1709024073288 96.0 0
1709024073290 91.0 0
1709024073296 96.0 0
1709024073300 72.0 0
1709024073302 77.0 0
1709024073305 65.0 0
1709024073306 29.0 0
1709024073307 42.0 0
1709024073309 67.0 0
1709024073310 94.0 0
1709024073311 48.0 0
1709024073312 26.0 0
1709024073313 84.0 0
1709024073316 78.0 0
1709024073325 50.0 0
1709024073326 24.0 0
1709024073329 74.0 0
1709024073330 0.0 0
1709024073331 96.0 0
1709024073333 9.0 0
1709024073334 62.0 0
1709024073336 9.0 0
1709024073337 25.0 0
1709024073338 88.0 0
1709024073340 73.0 0
1709024073346 41.0 0
1709024073347 86.0 0
1709024073349 97.0 0
1709024073350 59.0 0
1709024073356 96.0 0
1709024073357 6.0 0
1709024073358 98.0 0
1709024073359 78.0 0
1709024073363 82.0 0
1709024073364 85.0 0
1709024073369 2.0 0
1709024073376 95.0 0
1709024073378 79.0 0
1709024073380 50.0 0
1709024073382 17.0 0
1709024073382 9.0 0
1709024073384 94.0 0
1709024073394 87.0 0
1709024073404 53.0 0
1709024073405 72.0 0
1709024073406 94.0 0
1709024073408 93.0 0
1709024073409 41.0 0
1709024073409 57.0 0
1709024073413 81.0 0
1709024073414 48.0 0
1709024073417 25.0 0
1709024073418 42.0 0
1709024073422 23.0 0
1709024073422 86.0 0
1709024073424 93.0 0
1709024073425 72.0 0
1709024073426 94.0 0
1709024073427 83.0 0
1709024073428 75.0 0
1709024073429 26.0 0
1709024073434 23.0 0
1709024073441 65.0 0
1709024073443 58.0 0
1709024073450 11.0 0
1709024073454 80.0 0
1709024073455 21.0 0
1709024073461 91.0 0
1709024073462 73.0 0
1709024073465 88.0 0
1709024073471 24.0 0
1709024073477 91.0 0
1709024073479 29.0 0
1709024073485 42.0 0
1709024073489 98.0 0
1709024073494 18.0 0
1709024073496 73.0 0
1709024073499 18.0 0
1709024073503 47.0 0
1709024073511 81.0 0
1709024073514 36.0 0
1709024073517 53.0 0
1709024073520 75.0 0
1709024073523 61.0 0
1709024073524 11.0 0
1709024073528 60.0 0
1709024073530 35.0 0
1709024073532 26.0 0
1709024073533 95.0 0
1709024073534 37.0 0
1709024073535 68.0 0
1709024073539 45.0 0
1709024073546 81.0 0
1709024073551 80.0 0
1709024073556 33.0 0
1709024073557 56.0 0
1709024073558 11.0 0
1709024073559 91.0 0
1709024073561 0.0 0
1709024073564 74.0 0
1709024073566 80.0 0
1709024073570 94.0 0
1709024073571 79.0 0
1709024073577 13.0 0
1709024073580 87.0 0
1709024073582 64.0 0
1709024073586 17.0 0
1709024073587 4.0 0
1709024073590 64.0 0
1709024073591 39.0 0
1709024073591 47.0 0
1709024073594 16.0 0
1709024073597 96.0 0
1709024073600 5.0 0
1709024073601 97.0 0
1709024073602 75.0 0
1709024073603 7.0 0
1709024073610 5.0 0
1709024073613 81.0 0
1709024073614 40.0 0
1709024073615 94.0 0
1709024073621 71.0 0
1709024073623 65.0 0
1709024073624 56.0 0
1709024073625 13.0 0
1709024073626 84.0 0
1709024073628 48.0 0
1709024073632 80.0 0
1709024073637 61.0 0
1709024073638 54.0 0
1709024073639 6.0 0
1709024073641 84.0 0
1709024073642 1.0 0
1709024073647 19.0 0
1709024073653 45.0 0
1709024073655 17.0 0
1709024073656 40.0 0
1709024073661 95.0 0
1709024073667 35.0 0
1709024073672 98.0 0
1709024073673 85.0 0
1709024073676 59.0 0
1709024073677 6.0 0
1709024073686 70.0 0
1709024073688 9.0 0
1709024073688 25.0 0
1709024073691 62.0 0
1709024073693 25.0 0
1709024073696 59.0 0
1709024073700 63.0 0
1709024073701 33.0 0
1709024073702 84.0 0
1709024073705 2.0 0
1709024073706 63.0 0
1709024073710 15.0 0
1709024073717 84.0 0
1709024073717 24.0 0
1709024073718 54.0 0
1709024073721 63.0 0
1709024073723 4.0 0
1709024073725 66.0 0
1709024073738 47.0 0
1709024073741 88.0 0
1709024073744 74.0 0
1709024073747 95.0 0
1709024073750 7.0 0
1709024073751 61.0 0
1709024073752 58.0 0
1709024073756 90.0 0
1709024073756 14.0 0
1709024073757 18.0 0
1709024073758 18.0 0
1709024073766 43.0 0
1709024073767 43.0 0
1709024073770 19.0 0
1709024073771 62.0 0
1709024073774 20.0 0
1709024073776 99.0 0
1709024073779 6.0 0
1709024073785 14.0 0
1709024073786 91.0 0
1709024073788 84.0 0
1709024073790 38.0 0
1709024073791 29.0 0
1709024073796 68.0 0
1709024073798 19.0 0
1709024073799 66.0 0
1709024073804 59.0 0
1709024073805 49.0 0
1709024073807 28.0 0
1709024073809 98.0 0
1709024073814 96.0 0
1709024073815 90.0 0
1709024073818 22.0 0
1709024073819 37.0 0
1709024073822 98.0 0
1709024073823 11.0 0
1709024073823 39.0 0
1709024073825 67.0 0
1709024073828 26.0 0
1709024073829 77.0 0
1709024073835 43.0 0
1709024073837 85.0 0
1709024073838 14.0 0
1709024073843 24.0 0
1709024073844 86.0 0
1709024073847 20.0 0
1709024073848 81.0 0
1709024073848 79.0 0
1709024073851 49.0 0
1709024073853 70.0 0
1709024073854 70.0 0
1709024073855 3.0 0
1709024073858 16.0 0
1709024073866 65.0 0
1709024073869 60.0 0
1709024073871 90.0 0
1709024073872 52.0 0
1709024073876 27.0 0
1709024073878 55.0 0
1709024073879 74.0 0
1709024073880 97.0 0
1709024073882 76.0 0
1709024073883 41.0 0
1709024073884 92.0 0
1709024073886 56.0 0
1709024073887 49.0 0
1709024073891 11.0 0
1709024073892 79.0 0
1709024073894 62.0 0
1709024073896 52.0 0
1709024073896 34.0 0
1709024073897 58.0 0
1709024073902 19.0 0
1709024073907 51.0 0
1709024073911 77.0 0
1709024073916 10.0 0
1709024073917 92.0 0
1709024073920 3.0 0
1709024073926 97.0 0
1709024073927 29.0 0
1709024073928 71.0 0
1709024073929 30.0 0
1709024073929 18.0 0
1709024073931 67.0 0
1709024073933 31.0 0
1709024073935 73.0 0
1709024073936 9.0 0
1709024073938 60.0 0
1709024073938 26.0 0
1709024073943 77.0 0
1709024073944 74.0 0
1709024073945 71.0 0
1709024073947 84.0 0
1709024073947 18.0 0
1709024073949 83.0 0
1709024073950 38.0 0
1709024073954 95.0 0
1709024073955 77.0 0
1709024073956 17.0 0
1709024073956 71.0 0
1709024073961 44.0 0
1709024073965 47.0 0
1709024073968 18.0 0
1709024073969 39.0 0
1709024073970 99.0 0
1709024073973 18.0 0
1709024073976 28.0 0
1709024073978 24.0 0
1709024073981 15.0 0
1709024073988 1.0 0
1709024073990 71.0 0
1709024073994 98.0 0
1709024073995 62.0 0
1709024073996 55.0 0
1709024074000 24.0 0
1709024074000 11.0 0
1709024074004 16.0 0
1709024074005 53.0 0
1709024074013 25.0 0
1709024074014 80.0 0
1709024074016 97.0 0
1709024074018 57.0 0
1709024074019 0.0 0
1709024074021 54.0 0
1709024074031 14.0 0
1709024074033 58.0 0
1709024074044 83.0 0
1709024074045 84.0 0
1709024074046 41.0 0
1709024074047 86.0 0
1709024074052 71.0 0
1709024074054 45.0 0
1709024074067 97.0 0
1709024074070 1.0 0
1709024074075 37.0 0
1709024074077 65.0 0
1709024074078 61.0 0
1709024074082 61.0 0
1709024074083 30.0 0
1709024074084 40.0 0
1709024074090 1.0 0
1709024074093 68.0 0
1709024074095 1.0 0
1709024074098 14.0 0
1709024074099 43.0 0
1709024074100 27.0 0
1709024074101 52.0 0
1709024074102 23.0 0
1709024074104 54.0 0
1709024074106 63.0 0
1709024074107 84.0 0
1709024074109 47.0 0
1709024074113 42.0 0
1709024074115 87.0 0
1709024074116 93.0 0
1709024074117 25.0 0
1709024074118 12.0 0
1709024074119 43.0 0
1709024074120 97.0 0
1709024074121 47.0 0
1709024074122 26.0 0
1709024074123 73.0 0
1709024074124 66.0 0
1709024074128 16.0 0
1709024074129 92.0 0
1709024074132 48.0 0
1709024074135 96.0 0
1709024074138 11.0 0
1709024074140 1.0 0
1709024074144 22.0 0
1709024074146 61.0 0
1709024074148 63.0 0
1709024074149 59.0 0
1709024074150 71.0 0
1709024074153 8.0 0
1709024074155 0.0 0
1709024074157 57.0 0
1709024074160 25.0 0
1709024074160 40.0 0
1709024074164 79.0 0
1709024074164 17.0 0
1709024074165 18.0 0
1709024074168 72.0 0
1709024074169 1.0 0
1709024074170 48.0 0
1709024074175 51.0 0
1709024074176 60.0 0
1709024074178 76.0 0
1709024074187 70.0 0
1709024074188 32.0 0
1709024074191 91.0 0
1709024074194 87.0 0
1709024074196 35.0 0
1709024074197 52.0 0
1709024074205 85.0 0
1709024074207 54.0 0
1709024074209 49.0 0
1709024074213 0.0 0
1709024074215 62.0 0
1709024074217 20.0 0
1709024074220 11.0 0
1709024074222 77.0 0
1709024074226 8.0 0
1709024074228 38.0 0
1709024074228 76.0 0
1709024074229 7.0 0
1709024074230 50.0 0
1709024074234 1.0 0
1709024074236 96.0 0
1709024074238 89.0 0
1709024074241 18.0 0
1709024074245 4.0 0
1709024074246 49.0 0
1709024074248 71.0 0
1709024074252 14.0 0
1709024074254 12.0 0
1709024074254 95.0 0
1709024074255 21.0 0
1709024074258 60.0 0
1709024074260 67.0 0
1709024074263 25.0 0
1709024074267 19.0 0
1709024074271 64.0 0
1709024074280 94.0 0
1709024074282 13.0 0
1709024074286 95.0 0
1709024074295 91.0 0
1709024074296 39.0 0
1709024074299 51.0 0
1709024074300 49.0 0
1709024074307 89.0 0
1709024074308 26.0 0
1709024074309 22.0 0
1709024074316 65.0 0
1709024074317 90.0 0
1709024074318 60.0 0
1709024074320 8.0 0
1709024074321 60.0 0
1709024074322 0.0 0
1709024074325 46.0 0
1709024074328 94.0 0
1709024074335 73.0 0
1709024074337 47.0 0
1709024074341 42.0 0
1709024074344 37.0 0
1709024074351 73.0 0
1709024074352 45.0 0
1709024074355 58.0 0
1709024074359 37.0 0
1709024074363 63.0 0
1709024074364 4.0 0
1709024074367 80.0 0
1709024074369 99.0 0
1709024074371 49.0 0
1709024074372 2.0 0
1709024074374 34.0 0
1709024074375 37.0 0
1709024074377 28.0 0
1709024074379 36.0 0
1709024074380 29.0 0
1709024074381 7.0 0
1709024074384 75.0 0
1709024074385 55.0 0
1709024074386 82.0 0
1709024074388 50.0 0
1709024074390 68.0 0
1709024074393 80.0 0
1709024074396 11.0 0
1709024074400 11.0 0
1709024074407 26.0 0
1709024074409 88.0 0
1709024074415 64.0 0
1709024074420 16.0 0
1709024074421 97.0 0
1709024074423 76.0 0
1709024074424 66.0 0
1709024074425 69.0 0
1709024074429 51.0 0
1709024074429 31.0 0
1709024074431 48.0 0
1709024074434 76.0 0
1709024074436 60.0 0
1709024074437 0.0 0
1709024074442 22.0 0
1709024074442 1.0 0
1709024074443 69.0 0
1709024074445 48.0 0
1709024074446 90.0 0
1709024074448 3.0 0
1709024074450 29.0 0
1709024074450 63.0 0
1709024074451 54.0 0
1709024074462 32.0 0
1709024074470 83.0 0
1709024074472 7.0 0
1709024074474 36.0 0
1709024074481 68.0 0
1709024074482 44.0 0
1709024074487 51.0 0
1709024074493 4.0 0
1709024074493 69.0 0
1709024074496 98.0 0
1709024074499 61.0 0
1709024074501 0.0 0
1709024074503 7.0 0
1709024074505 94.0 0
1709024074507 53.0 0
1709024074510 23.0 0
1709024074512 97.0 0
1709024074515 88.0 0
1709024074520 61.0 0
1709024074521 3.0 0
1709024074523 51.0 0
1709024074524 89.0 0
1709024074525 55.0 0
1709024074529 82.0 0
1709024074530 62.0 0
1709024074530 29.0 0
1709024074531 38.0 0
1709024074534 7.0 0
1709024074536 92.0 0
1709024074538 61.0 0
1709024074540 92.0 0
1709024074543 76.0 0
1709024074546 90.0 0
1709024074548 84.0 0
1709024074552 92.0 0
1709024074553 98.0 0
1709024074556 39.0 0
1709024074557 95.0 0
1709024074559 6.0 0
1709024074560 9.0 0
1709024074566 7.0 0
1709024074569 60.0 0
1709024074570 37.0 0
1709024074572 64.0 0
1709024074573 15.0 0
1709024074574 61.0 0
1709024074575 57.0 0
1709024074576 5.0 0
1709024074578 26.0 0
1709024074579 86.0 0
1709024074580 35.0 0
1709024074588 78.0 0
1709024074592 12.0 0
1709024074592 71.0 0
1709024074593 84.0 0
1709024074595 79.0 0
1709024074597 96.0 0
1709024074599 23.0 0
1709024074600 25.0 0
1709024074601 33.0 0
1709024074604 46.0 0
1709024074605 90.0 0
1709024074614 31.0 0
1709024074615 37.0 0
1709024074622 54.0 0
1709024074629 8.0 0
1709024074630 91.0 0
1709024074636 11.0 0
1709024074640 92.0 0
1709024074641 14.0 0
1709024074649 74.0 0
1709024074650 96.0 0
1709024074653 22.0 0
1709024074654 33.0 0
1709024074655 8.0 0
1709024074655 92.0 0
1709024074659 14.0 0
1709024074662 82.0 0
1709024074664 56.0 0
1709024074667 77.0 0
1709024074670 4.0 0
1709024074672 86.0 0
1709024074676 69.0 0
1709024074679 92.0 0
1709024074680 6.0 0
1709024074680 17.0 0
1709024074684 61.0 0
1709024074691 52.0 0
1709024074696 16.0 0
1709024074704 93.0 0
1709024074706 69.0 0
1709024074708 59.0 0
1709024074712 54.0 0
1709024074715 64.0 0
1709024074716 52.0 0
1709024074724 27.0 0
1709024074727 47.0 0
1709024074728 41.0 0
1709024074733 11.0 0
1709024074735 1.0 0
1709024074736 24.0 0
1709024074739 46.0 0
1709024074741 0.0 0
1709024074741 83.0 0
1709024074747 20.0 0
1709024074748 8.0 0
1709024074750 40.0 0
1709024074751 49.0 0
1709024074754 51.0 0
1709024074758 90.0 0
1709024074759 58.0 0
1709024074764 37.0 0
1709024074765 35.0 0
1709024074767 3.0 0
1709024074768 96.0 0
1709024074770 45.0 0
1709024074777 88.0 0
1709024074781 43.0 0
1709024074785 66.0 0
1709024074787 26.0 0
1709024074790 40.0 0
1709024074791 92.0 0
1709024074793 75.0 0
1709024074795 75.0 0
1709024074796 40.0 0
1709024074797 59.0 0
1709024074798 71.0 0
1709024074799 76.0 0
1709024074800 46.0 0
1709024074803 32.0 0
1709024074807 97.0 0
1709024074810 49.0 0
1709024074811 4.0 0
1709024074812 51.0 0
1709024074815 92.0 0
1709024074816 17.0 0
1709024074819 63.0 0
1709024074821 73.0 0
1709024074826 73.0 0
1709024074826 15.0 0
1709024074827 72.0 0
1709024074830 10.0 0
1709024074831 50.0 0
1709024074841 36.0 0
1709024074845 20.0 0
1709024074849 31.0 0
1709024074849 60.0 0
1709024074852 85.0 0
1709024074857 76.0 0
1709024074858 11.0 0
1709024074867 55.0 0
1709024074871 85.0 0
1709024074872 72.0 0
1709024074874 1.0 0
1709024074875 56.0 0
1709024074879 53.0 0
1709024074880 55.0 0
1709024074880 82.0 0
1709024074883 90.0 0
1709024074884 47.0 0
1709024074886 77.0 0
1709024074888 69.0 0
1709024074890 34.0 0
1709024074890 34.0 0
1709024074891 99.0 0
1709024074894 50.0 0
1709024074895 56.0 0
1709024074896 62.0 0
1709024074903 63.0 0
1709024074903 21.0 0
1709024074905 45.0 0
1709024074906 48.0 0
1709024074907 66.0 0
1709024074909 74.0 0
1709024074911 40.0 0
1709024074912 22.0 0
1709024074913 64.0 0
1709024074914 74.0 0
1709024074918 76.0 0
1709024074919 65.0 0
1709024074922 95.0 0
1709024074925 30.0 0
1709024074926 78.0 0
1709024074930 51.0 0
1709024074935 51.0 0
1709024074939 66.0 0
1709024074948 78.0 0
1709024074949 8.0 0
1709024074950 94.0 0
1709024074952 19.0 0
1709024074953 23.0 0
1709024074954 35.0 0
1709024074955 73.0 0
1709024074956 88.0 0
1709024074958 53.0 0
1709024074959 11.0 0
1709024074961 19.0 0
1709024074961 70.0 0
1709024074963 85.0 0
1709024074964 63.0 0
1709024074966 70.0 0
1709024074974 67.0 0
1709024074975 13.0 0
1709024074976 54.0 0
1709024074978 91.0 0
1709024074979 65.0 0
1709024074980 82.0 0
1709024074982 85.0 0
1709024074983 19.0 0
1709024074987 48.0 0
1709024074989 15.0 0
1709024074990 62.0 0
1709024074991 41.0 0
1709024074994 83.0 0
1709024075001 20.0 0
1709024075001 3.0 0
1709024075002 65.0 0
1709024075005 51.0 0
1709024075006 39.0 0
1709024075015 30.0 0
1709024075016 49.0 0
1709024075020 73.0 0
1709024075026 11.0 0
1709024075027 21.0 0
1709024075027 60.0 0
1709024075028 21.0 0
1709024075031 48.0 0
1709024075033 18.0 0
1709024075036 63.0 0
1709024075038 95.0 0
1709024075039 25.0 0
1709024075046 10.0 0
1709024075053 24.0 0
1709024075054 15.0 0
1709024075058 94.0 0
1709024075060 5.0 0
1709024075063 62.0 0
1709024075064 41.0 0
1709024075067 81.0 0
1709024075068 83.0 0
1709024075073 26.0 0
1709024075079 39.0 0
1709024075080 25.0 0
1709024075081 57.0 0
1709024075092 64.0 0
1709024075093 60.0 0
1709024075094 98.0 0
1709024075095 35.0 0
1709024075099 63.0 0
1709024075103 17.0 0
1709024075104 98.0 0
1709024075108 6.0 0
1709024075112 92.0 0
1709024075114 50.0 0
1709024075115 65.0 0
1709024075117 90.0 0
1709024075119 27.0 0
1709024075120 86.0 0
1709024075121 45.0 0
1709024075121 97.0 0
1709024075125 97.0 0
1709024075129 61.0 0
1709024075130 15.0 0
1709024075134 63.0 0
1709024075135 10.0 0
1709024075138 44.0 0
1709024075140 1.0 0
1709024075146 56.0 0
1709024075152 1.0 0
1709024075154 65.0 0
1709024075158 43.0 0
1709024075166 87.0 0
1709024075169 71.0 0
1709024075170 98.0 0
1709024075172 13.0 0
1709024075173 80.0 0
1709024075174 72.0 0
1709024075175 28.0 0
1709024075180 23.0 0
1709024075182 97.0 0
1709024075184 70.0 0
1709024075184 68.0 0
1709024075185 44.0 0
1709024075186 66.0 0
1709024075187 14.0 0
1709024075188 38.0 0
1709024075191 44.0 0
1709024075199 73.0 0
1709024075202 5.0 0
1709024075206 85.0 0
1709024075212 48.0 0
1709024075216 39.0 0
1709024075216 48.0 0
1709024075219 35.0 0
1709024075221 33.0 0
1709024075222 71.0 0
1709024075224 30.0 0
1709024075225 28.0 0
1709024075227 59.0 0
1709024075229 1.0 0
1709024075230 17.0 0
1709024075233 98.0 0
1709024075234 70.0 0
1709024075243 43.0 0
1709024075244 37.0 0
1709024075245 57.0 0
1709024075247 48.0 0
1709024075248 56.0 0
1709024075252 1.0 0
1709024075255 40.0 0
1709024075256 55.0 0
1709024075258 22.0 0
1709024075264 77.0 0
1709024075265 17.0 0
1709024075268 69.0 0
1709024075270 49.0 0
1709024075270 88.0 0
1709024075272 38.0 0
1709024075274 38.0 0
1709024075275 74.0 0
1709024075284 36.0 0
1709024075286 47.0 0
1709024075293 62.0 0
1709024075293 27.0 0
1709024075295 52.0 0
1709024075297 72.0 0
1709024075301 77.0 0
1709024075302 49.0 0
1709024075305 56.0 0
1709024075306 37.0 0
1709024075307 80.0 0
1709024075309 49.0 0
1709024075311 65.0 0
1709024075317 29.0 0
1709024075320 19.0 0
1709024075324 47.0 0
1709024075325 88.0 0
1709024075330 48.0 0
1709024075331 98.0 0
1709024075332 21.0 0
1709024075336 48.0 0
1709024075338 22.0 0
1709024075339 47.0 0
1709024075340 83.0 0
1709024075342 51.0 0
1709024075344 67.0 0
1709024075345 44.0 0
1709024075346 4.0 0
1709024075347 78.0 0
1709024075348 98.0 0
1709024075349 14.0 0
1709024075352 16.0 0
1709024075354 71.0 0
1709024075354 0.0 0
1709024075361 45.0 0
1709024075363 6.0 0
1709024075379 82.0 0
1709024075379 93.0 0
1709024075380 36.0 0
1709024075385 20.0 0
1709024075386 33.0 0
1709024075388 10.0 0
1709024075388 7.0 0
1709024075390 45.0 0
1709024075392 96.0 0
1709024075392 16.0 0
1709024075395 69.0 0
1709024075402 65.0 0
1709024075404 84.0 0
1709024075405 94.0 0
1709024075409 66.0 0
1709024075413 11.0 0
1709024075413 76.0 0
1709024075419 93.0 0
1709024075421 87.0 0
1709024075424 42.0 0
1709024075427 38.0 0
1709024075429 13.0 0
1709024075434 67.0 0
1709024075434 27.0 0
1709024075436 55.0 0
1709024075438 9.0 0
1709024075439 96.0 0
1709024075441 63.0 0
1709024075443 78.0 0
1709024075453 12.0 0
1709024075454 29.0 0
1709024075455 7.0 0
1709024075458 60.0 0
1709024075460 4.0 0
1709024075461 9.0 0
1709024075463 94.0 0
1709024075465 58.0 0
1709024075467 28.0 0
1709024075468 84.0 0
1709024075470 40.0 0
1709024075471 27.0 0
1709024075472 90.0 0
1709024075473 10.0 0
1709024075476 58.0 0
1709024075481 15.0 0
1709024075482 51.0 0
1709024075485 70.0 0
1709024075486 86.0 0
1709024075489 93.0 0
1709024075490 82.0 0
1709024075493 35.0 0
1709024075494 47.0 0
1709024075495 86.0 0
1709024075497 83.0 0
1709024075498 80.0 0
1709024075500 32.0 0
1709024075504 1.0 0
1709024075506 77.0 0
1709024075510 29.0 0
1709024075512 69.0 0
1709024075513 61.0 0
1709024075523 98.0 0
1709024075528 80.0 0
1709024075529 72.0 0
1709024075532 40.0 0
1709024075535 48.0 0
1709024075538 70.0 0
1709024075550 87.0 0
1709024075552 37.0 0
1709024075554 39.0 0
1709024075556 25.0 0
1709024075561 19.0 0
1709024075566 95.0 0
1709024075572 42.0 0
1709024075574 6.0 0
1709024075576 10.0 0
1709024075580 92.0 0
1709024075581 14.0 0
1709024075582 51.0 0
1709024075585 60.0 0
1709024075587 36.0 0
1709024075590 31.0 0
1709024075593 53.0 0
1709024075596 51.0 0
1709024075598 10.0 0
1709024075601 29.0 0
1709024075605 3.0 0
1709024075607 36.0 0
1709024075609 14.0 0
1709024075614 36.0 0
1709024075615 82.0 0
1709024075618 2.0 0
1709024075619 9.0 0
1709024075621 4.0 0
1709024075624 85.0 0
1709024075624 54.0 0
1709024075629 96.0 0
1709024075629 67.0 0
1709024075630 56.0 0
1709024075635 59.0 0
1709024075637 35.0 0
1709024075638 5.0 0
1709024075642 75.0 0
1709024075644 47.0 0
1709024075645 69.0 0
1709024075646 56.0 0
1709024075647 93.0 0
1709024075649 22.0 0
1709024075650 99.0 0
1709024075651 66.0 0
1709024075655 47.0 0
1709024075656 17.0 0
1709024075657 48.0 0
1709024075659 89.0 0
1709024075663 41.0 0
1709024075665 15.0 0
1709024075667 51.0 0
1709024075670 22.0 0
1709024075672 96.0 0
1709024075674 2.0 0
1709024075678 76.0 0
1709024075680 76.0 0
1709024075683 44.0 0
1709024075685 88.0 0
1709024075686 6.0 0
1709024075687 23.0 0
1709024075688 9.0 0
1709024075689 98.0 0
1709024075691 11.0 0
1709024075692 75.0 0
1709024075693 25.0 0
1709024075696 79.0 0
1709024075696 38.0 0
1709024075700 18.0 0
1709024075701 95.0 0
1709024075701 46.0 0
1709024075705 62.0 0
1709024075709 27.0 0
1709024075710 98.0 0
1709024075711 34.0 0
1709024075714 81.0 0
1709024075715 87.0 0
1709024075717 86.0 0
1709024075718 62.0 0
1709024075727 14.0 0
1709024075731 81.0 0
1709024075735 43.0 0
1709024075737 60.0 0
1709024075738 81.0 0
1709024075742 17.0 0
1709024075743 58.0 0
1709024075744 0.0 0
1709024075745 10.0 0
1709024075746 49.0 0
1709024075747 98.0 0
1709024075756 75.0 0
1709024075757 30.0 0
1709024075757 89.0 0
1709024075758 52.0 0
1709024075759 38.0 0
1709024075762 30.0 0
1709024075765 76.0 0
1709024075769 47.0 0
1709024075770 44.0 0
1709024075771 32.0 0
1709024075772 87.0 0
1709024075773 80.0 0
1709024075774 7.0 0
1709024075778 62.0 0
1709024075780 63.0 0
1709024075781 65.0 0
1709024075782 80.0 0
1709024075785 15.0 0
1709024075788 55.0 0
1709024075796 54.0 0
1709024075803 49.0 0
1709024075806 95.0 0
1709024075808 11.0 0
1709024075811 20.0 0
1709024075814 58.0 0
1709024075822 69.0 0
1709024075825 24.0 0
1709024075828 68.0 0
1709024075830 34.0 0
1709024075830 70.0 0
1709024075832 29.0 0
1709024075833 65.0 0
1709024075835 59.0 0
1709024075836 44.0 0
1709024075840 15.0 0
1709024075840 98.0 0
1709024075843 99.0 0
1709024075844 33.0 0
1709024075844 73.0 0
1709024075850 28.0 0
1709024075853 98.0 0
1709024075854 70.0 0
1709024075854 23.0 0
1709024075856 45.0 0
1709024075857 83.0 0
1709024075859 42.0 0
1709024075859 74.0 0
1709024075863 93.0 0
1709024075864 11.0 0
1709024075866 61.0 0
1709024075867 84.0 0
1709024075868 24.0 0
1709024075881 27.0 0
1709024075884 33.0 0
1709024075885 23.0 0
1709024075889 87.0 0
1709024075893 51.0 0
1709024075894 73.0 0
1709024075895 45.0 0
1709024075896 59.0 0
1709024075900 60.0 0
1709024075901 67.0 0
1709024075913 67.0 0
1709024075914 23.0 0
1709024075917 28.0 0
1709024075918 24.0 0
1709024075919 12.0 0
1709024075923 60.0 0
1709024075927 12.0 0
1709024075936 33.0 0
1709024075942 31.0 0
1709024075946 35.0 0
1709024075947 30.0 0
1709024075949 22.0 0
1709024075952 31.0 0
1709024075953 23.0 0
1709024075960 29.0 0
1709024075961 42.0 0
1709024075963 40.0 0
1709024075967 24.0 0
1709024075969 36.0 0
1709024075971 40.0 0
1709024075971 45.0 0
1709024075975 21.0 0
1709024075976 99.0 0
1709024075979 67.0 0
1709024075980 72.0 0
1709024075980 59.0 0
1709024075991 56.0 0
1709024075992 51.0 0
1709024075994 2.0 0
1709024075994 80.0 0
1709024075995 64.0 0
1709024075998 58.0 0
1709024076002 45.0 0
1709024076005 58.0 0
1709024076009 9.0 0
1709024076011 60.0 0
1709024076013 62.0 0
1709024076017 65.0 0
1709024076024 94.0 0
1709024076025 83.0 0
1709024076027 84.0 0
1709024076028 14.0 0
1709024076028 55.0 0
1709024076033 25.0 0
1709024076036 70.0 0
1709024076042 24.0 0
1709024076043 58.0 0
1709024076046 65.0 0
1709024076049 63.0 0
1709024076051 33.0 0
1709024076053 45.0 0
1709024076057 92.0 0
1709024076061 90.0 0
1709024076063 47.0 0
1709024076065 60.0 0
1709024076066 42.0 0
1709024076071 16.0 0
1709024076073 51.0 0
1709024076074 98.0 0
1709024076075 87.0 0
1709024076077 93.0 0
1709024076085 5.0 0
1709024076093 13.0 0
1709024076094 48.0 0
1709024076096 53.0 0
1709024076098 59.0 0
1709024076098 13.0 0
1709024076100 46.0 0
1709024076101 26.0 0
1709024076103 47.0 0
1709024076108 92.0 0
1709024076114 27.0 0
1709024076115 23.0 0
1709024076121 93.0 0
1709024076124 22.0 0
1709024076128 6.0 0
1709024076130 97.0 0
1709024076134 77.0 0
1709024076137 35.0 0
1709024076139 16.0 0
1709024076145 3.0 0
1709024076146 13.0 0
1709024076147 50.0 0
1709024076148 56.0 0
1709024076149 93.0 0
1709024076151 48.0 0
1709024076152 65.0 0
1709024076154 18.0 0
1709024076154 92.0 0
1709024076155 82.0 0
1709024076156 50.0 0
1709024076159 24.0 0
1709024076162 92.0 0
1709024076165 97.0 0
1709024076168 45.0 0
1709024076170 14.0 0
1709024076172 57.0 0
1709024076175 40.0 0
1709024076177 87.0 0
1709024076180 46.0 0
1709024076190 49.0 0
1709024076192 51.0 0
1709024076197 72.0 0
1709024076199 99.0 0
1709024076202 33.0 0
1709024076204 89.0 0
1709024076207 26.0 0
1709024076208 44.0 0
1709024076211 71.0 0
1709024076212 1.0 0
1709024076213 94.0 0
1709024076214 87.0 0
1709024076216 50.0 0
1709024076216 9.0 0
1709024076218 9.0 0
1709024076221 52.0 0
1709024076222 18.0 0
1709024076227 8.0 0
1709024076228 32.0 0
1709024076230 43.0 0
1709024076235 79.0 0
1709024076237 61.0 0
1709024076243 23.0 0
1709024076244 2.0 0
1709024076245 15.0 0
1709024076246 10.0 0
1709024076248 63.0 0
1709024076251 26.0 0
1709024076252 83.0 0
1709024076252 27.0 0
1709024076255 67.0 0
1709024076256 84.0 0
1709024076260 9.0 0
1709024076262 92.0 0
1709024076264 0.0 0
1709024076265 64.0 0
1709024076267 32.0 0
1709024076273 44.0 0
