1709024072849 70.0 0
1709024072853 76.0 0
1709024072855 81.0 0
1709024072857 84.0 0
1709024072858 44.0 0
1709024072859 66.0 0
1709024072864 61.0 0
1709024072869 61.0 0
1709024072872 14.0 0
1709024072876 69.0 0
1709024072877 13.0 0
1709024072881 13.0 0
1709024072897 13.0 0
1709024072900 76.0 0
1709024072902 70.0 0
1709024072912 21.0 0
1709024072913 53.0 0
1709024072914 41.0 0
1709024072915 6.0 0
1709024072917 76.0 0
1709024072921 98.0 0
1709024072924 14.0 0
1709024072927 54.0 0
1709024072928 65.0 0
1709024072929 62.0 0
1709024072932 38.0 0
1709024072934 2.0 0
1709024072938 74.0 0
1709024072940 99.0 0
1709024072942 16.0 0
1709024072944 37.0 0
1709024072946 22.0 0
1709024072947 30.0 0
1709024072948 45.0 0
1709024072952 36.0 0
1709024072960 78.0 0
1709024072961 62.0 0
1709024072970 6.0 0
1709024072973 74.0 0
1709024072977 97.0 0
1709024072980 69.0 0
1709024072984 71.0 0
1709024072985 89.0 0
1709024072988 56.0 0
1709024072989 76.0 0
1709024072990 23.0 0
1709024072992 37.0 0
1709024072994 18.0 0
1709024072995 51.0 0
1709024072996 77.0 0
1709024072997 99.0 0
1709024072999 68.0 0
1709024073001 41.0 0
1709024073002 3.0 0
1709024073006 14.0 0
1709024073006 45.0 0
1709024073008 84.0 0
1709024073009 19.0 0
1709024073010 39.0 0
1709024073011 73.0 0
1709024073013 45.0 0
1709024073013 66.0 0
1709024073015 97.0 0
1709024073016 67.0 0
1709024073024 36.0 0
1709024073025 28.0 0
1709024073026 60.0 0
1709024073027 95.0 0
1709024073032 77.0 0
1709024073034 79.0 0
1709024073035 23.0 0
1709024073036 34.0 0
1709024073037 30.0 0
1709024073038 94.0 0
1709024073040 54.0 0
1709024073041 28.0 0
1709024073042 48.0 0
1709024073044 65.0 0
1709024073045 4.0 0
1709024073046 47.0 0
1709024073048 81.0 0
1709024073051 76.0 0
1709024073051 99.0 0
1709024073052 64.0 0
1709024073053 79.0 0
1709024073055 42.0 0
1709024073056 48.0 0
1709024073061 30.0 0
1709024073066 48.0 0
1709024073067 10.0 0
1709024073070 34.0 0
1709024073074 72.0 0
1709024073075 71.0 0
1709024073078 11.0 0
1709024073083 88.0 0
1709024073085 74.0 0
1709024073086 34.0 0
1709024073087 68.0 0
1709024073088 59.0 0
1709024073089 80.0 0
1709024073093 95.0 0
1709024073098 81.0 0
1709024073099 84.0 0
1709024073102 99.0 0
1709024073104 50.0 0
1709024073105 87.0 0
1709024073107 37.0 0
1709024073107 37.0 0
1709024073109 11.0 0
1709024073113 21.0 0
1709024073114 88.0 0
1709024073115 29.0 0
1709024073120 87.0 0
1709024073121 46.0 0
1709024073122 92.0 0
1709024073125 98.0 0
1709024073126 52.0 0
1709024073127 49.0 0
1709024073128 35.0 0
1709024073129 31.0 0
1709024073130 54.0 0
1709024073132 99.0 0
1709024073134 35.0 0
1709024073138 70.0 0
1709024073140 71.0 0
1709024073142 61.0 0
1709024073143 49.0 0
1709024073144 93.0 0
1709024073148 53.0 0
1709024073151 11.0 0
1709024073152 80.0 0
1709024073152 28.0 0
1709024073156 80.0 0
1709024073158 63.0 0
1709024073160 56.0 0
1709024073161 83.0 0
1709024073164 85.0 0
1709024073171 22.0 0
1709024073173 32.0 0
1709024073174 60.0 0
1709024073175 87.0 0
1709024073176 27.0 0
1709024073178 86.0 0
1709024073180 21.0 0
1709024073182 53.0 0
1709024073185 64.0 0
1709024073186 55.0 0
1709024073189 39.0 0
1709024073191 9.0 0
1709024073192 21.0 0
1709024073193 72.0 0
1709024073198 30.0 0
1709024073203 96.0 0
1709024073205 75.0 0
1709024073206 84.0 0
1709024073211 27.0 0
1709024073218 54.0 0
1709024073226 9.0 0
1709024073231 79.0 0
1709024073235 85.0 0
1709024073241 12.0 0
1709024073245 56.0 0
1709024073246 16.0 0
1709024073247 75.0 0
1709024073248 95.0 0
1709024073249 56.0 0
1709024073251 41.0 0
1709024073253 15.0 0
1709024073254 64.0 0
1709024073256 65.0 0
1709024073257 4.0 0
1709024073262 10.0 0
1709024073265 51.0 0
1709024073268 61.0 0
1709024073273 60.0 0
1709024073277 19.0 0
1709024073279 23.0 0
1709024073280 69.0 0
1709024073282 84.0 0
1709024073283 56.0 0
1709024073289 88.0 0
1709024073292 5.0 0
1709024073294 90.0 0
1709024073294 40.0 0
1709024073295 36.0 0
1709024073298 2.0 0
1709024073298 76.0 0
1709024073301 19.0 0
1709024073304 98.0 0
1709024073311 91.0 0
1709024073319 82.0 0
1709024073322 0.0 0
1709024073323 28.0 0
1709024073326 63.0 0
1709024073327 92.0 0
1709024073328 69.0 0
1709024073332 30.0 0
1709024073341 11.0 0
1709024073345 85.0 0
1709024073348 89.0 0
1709024073351 14.0 0
1709024073352 96.0 0
1709024073355 56.0 0
1709024073360 38.0 0
1709024073361 75.0 0
1709024073368 68.0 0
1709024073370 56.0 0
1709024073374 60.0 0
1709024073375 10.0 0
1709024073377 82.0 0
1709024073377 22.0 0
1709024073381 79.0 0
1709024073383 26.0 0
1709024073385 97.0 0
1709024073387 6.0 0
1709024073387 30.0 0
1709024073388 79.0 0
1709024073389 89.0 0
1709024073390 9.0 0
1709024073392 92.0 0
1709024073395 69.0 0
1709024073399 38.0 0
1709024073402 33.0 0
1709024073403 82.0 0
1709024073407 31.0 0
1709024073410 81.0 0
1709024073412 83.0 0
1709024073419 75.0 0
1709024073420 29.0 0
1709024073421 53.0 0
1709024073423 82.0 0
1709024073430 6.0 0
1709024073431 56.0 0
1709024073432 71.0 0
1709024073433 83.0 0
1709024073437 64.0 0
1709024073437 67.0 0
1709024073445 92.0 0
1709024073446 74.0 0
1709024073448 85.0 0
1709024073449 88.0 0
1709024073451 87.0 0
1709024073453 74.0 0
1709024073457 27.0 0
1709024073458 81.0 0
1709024073464 41.0 0
1709024073468 98.0 0
1709024073469 13.0 0
1709024073472 45.0 0
1709024073474 62.0 0
1709024073475 12.0 0
1709024073480 56.0 0
1709024073482 97.0 0
1709024073486 78.0 0
1709024073488 60.0 0
1709024073497 66.0 0
1709024073505 14.0 0
1709024073510 72.0 0
1709024073513 31.0 0
1709024073515 42.0 0
1709024073516 68.0 0
1709024073518 49.0 0
1709024073521 81.0 0
1709024073538 80.0 0
1709024073540 94.0 0
1709024073543 82.0 0
1709024073545 98.0 0
1709024073547 76.0 0
1709024073549 88.0 0
1709024073552 22.0 0
1709024073554 82.0 0
1709024073555 38.0 0
1709024073555 82.0 0
1709024073560 59.0 0
1709024073560 21.0 0
1709024073564 36.0 0
1709024073568 74.0 0
1709024073572 81.0 0
1709024073573 18.0 0
1709024073574 32.0 0
1709024073576 43.0 0
1709024073578 2.0 0
1709024073581 0.0 0
1709024073582 41.0 0
1709024073584 78.0 0
1709024073589 81.0 0
1709024073592 6.0 0
1709024073595 85.0 0
1709024073604 39.0 0
1709024073605 32.0 0
1709024073607 62.0 0
1709024073608 14.0 0
1709024073614 60.0 0
1709024073617 37.0 0
1709024073618 0.0 0
1709024073622 95.0 0
1709024073623 68.0 0
1709024073635 96.0 0
1709024073640 80.0 0
1709024073642 83.0 0
1709024073643 22.0 0
1709024073645 35.0 0
1709024073646 16.0 0
1709024073648 78.0 0
1709024073650 69.0 0
1709024073651 34.0 0
1709024073654 49.0 0
1709024073657 58.0 0
1709024073658 81.0 0
1709024073659 9.0 0
1709024073660 32.0 0
1709024073662 10.0 0
1709024073663 61.0 0
1709024073665 89.0 0
1709024073666 0.0 0
1709024073668 99.0 0
1709024073668 20.0 0
1709024073669 83.0 0
1709024073670 46.0 0
1709024073674 20.0 0
1709024073678 37.0 0
1709024073680 65.0 0
1709024073681 33.0 0
1709024073682 75.0 0
1709024073684 44.0 0
1709024073684 95.0 0
1709024073685 25.0 0
1709024073687 26.0 0
1709024073689 22.0 0
1709024073692 7.0 0
1709024073698 84.0 0
1709024073698 8.0 0
1709024073703 46.0 0
1709024073708 79.0 0
1709024073712 2.0 0
1709024073713 81.0 0
1709024073714 69.0 0
1709024073716 12.0 0
1709024073719 57.0 0
1709024073722 41.0 0
1709024073724 19.0 0
1709024073727 62.0 0
1709024073729 19.0 0
1709024073731 15.0 0
1709024073732 55.0 0
1709024073734 55.0 0
1709024073739 41.0 0
1709024073741 30.0 0
1709024073742 61.0 0
1709024073743 96.0 0
1709024073746 59.0 0
1709024073748 82.0 0
1709024073751 29.0 0
1709024073753 1.0 0
1709024073755 17.0 0
1709024073761 42.0 0
1709024073761 77.0 0
1709024073764 17.0 0
1709024073769 40.0 0
1709024073773 70.0 0
1709024073779 92.0 0
1709024073782 10.0 0
1709024073783 11.0 0
1709024073784 45.0 0
1709024073792 49.0 0
1709024073793 59.0 0
1709024073794 71.0 0
1709024073795 77.0 0
1709024073797 41.0 0
1709024073800 43.0 0
1709024073801 97.0 0
1709024073802 41.0 0
1709024073810 73.0 0
1709024073814 67.0 0
1709024073816 18.0 0
1709024073817 7.0 0
1709024073818 85.0 0
1709024073820 84.0 0
1709024073821 25.0 0
1709024073827 79.0 0
1709024073831 42.0 0
1709024073832 26.0 0
1709024073833 68.0 0
1709024073836 40.0 0
1709024073837 91.0 0
1709024073840 36.0 0
1709024073841 52.0 0
1709024073849 15.0 0
1709024073852 37.0 0
1709024073856 76.0 0
1709024073857 25.0 0
1709024073861 87.0 0
1709024073863 7.0 0
1709024073864 66.0 0
1709024073866 23.0 0
1709024073877 80.0 0
1709024073878 75.0 0
1709024073881 55.0 0
1709024073888 76.0 0
1709024073893 46.0 0
1709024073898 22.0 0
1709024073901 31.0 0
1709024073905 41.0 0
1709024073908 57.0 0
1709024073912 56.0 0
1709024073915 63.0 0
1709024073921 6.0 0
1709024073922 21.0 0
1709024073924 3.0 0
1709024073924 80.0 0
1709024073932 12.0 0
1709024073937 84.0 0
1709024073939 55.0 0
1709024073941 87.0 0
1709024073946 82.0 0
1709024073948 29.0 0
1709024073951 97.0 0
1709024073959 99.0 0
1709024073960 3.0 0
1709024073960 80.0 0
1709024073962 4.0 0
1709024073966 42.0 0
1709024073967 1.0 0
1709024073971 54.0 0
1709024073974 56.0 0
1709024073977 92.0 0
1709024073978 91.0 0
1709024073979 30.0 0
1709024073980 24.0 0
1709024073982 75.0 0
1709024073983 41.0 0
1709024073984 49.0 0
1709024073985 66.0 0
1709024073986 35.0 0
1709024073987 14.0 0
1709024073989 76.0 0
1709024073997 10.0 0
1709024074002 5.0 0
1709024074009 72.0 0
1709024074012 78.0 0
1709024074023 62.0 0
1709024074025 88.0 0
1709024074025 86.0 0
1709024074026 12.0 0
1709024074027 44.0 0
1709024074029 39.0 0
1709024074030 78.0 0
1709024074034 14.0 0
1709024074035 66.0 0
1709024074036 56.0 0
1709024074037 73.0 0
1709024074038 23.0 0
1709024074038 14.0 0
1709024074042 13.0 0
1709024074043 32.0 0
1709024074047 64.0 0
1709024074048 74.0 0
1709024074049 18.0 0
1709024074051 71.0 0
1709024074055 80.0 0
1709024074057 71.0 0
1709024074059 73.0 0
1709024074060 25.0 0
1709024074061 53.0 0
1709024074062 85.0 0
1709024074063 85.0 0
1709024074064 96.0 0
1709024074071 13.0 0
1709024074072 35.0 0
1709024074073 71.0 0
1709024074074 99.0 0
1709024074084 87.0 0
1709024074086 78.0 0
1709024074088 19.0 0
1709024074093 78.0 0
1709024074094 73.0 0
1709024074096 89.0 0
1709024074101 64.0 0
1709024074103 18.0 0
1709024074106 97.0 0
1709024074108 28.0 0
1709024074110 80.0 0
1709024074110 54.0 0
1709024074112 34.0 0
1709024074114 17.0 0
1709024074115 81.0 0
1709024074119 7.0 0
1709024074123 75.0 0
1709024074127 88.0 0
1709024074130 90.0 0
1709024074133 18.0 0
1709024074134 53.0 0
1709024074136 60.0 0
1709024074137 32.0 0
1709024074139 9.0 0
1709024074143 5.0 0
1709024074145 61.0 0
1709024074147 79.0 0
1709024074154 69.0 0
1709024074156 73.0 0
1709024074158 56.0 0
1709024074161 52.0 0
1709024074162 13.0 0
1709024074166 75.0 0
1709024074167 32.0 0
1709024074171 11.0 0
1709024074172 36.0 0
1709024074173 43.0 0
1709024074174 12.0 0
1709024074180 90.0 0
1709024074184 67.0 0
1709024074184 12.0 0
1709024074185 8.0 0
1709024074186 90.0 0
1709024074189 58.0 0
1709024074190 93.0 0
1709024074195 60.0 0
1709024074197 5.0 0
1709024074198 24.0 0
1709024074201 29.0 0
1709024074202 63.0 0
1709024074202 33.0 0
1709024074204 79.0 0
1709024074206 88.0 0
1709024074211 44.0 0
1709024074212 81.0 0
1709024074213 75.0 0
1709024074214 30.0 0
1709024074216 19.0 0
1709024074218 17.0 0
1709024074221 48.0 0
1709024074222 10.0 0
1709024074225 54.0 0
1709024074227 69.0 0
1709024074231 73.0 0
1709024074233 59.0 0
1709024074233 58.0 0
1709024074237 16.0 0
1709024074239 73.0 0
1709024074242 75.0 0
1709024074243 33.0 0
1709024074247 44.0 0
1709024074250 37.0 0
1709024074250 61.0 0
1709024074251 92.0 0
1709024074256 74.0 0
1709024074259 14.0 0
1709024074263 25.0 0
1709024074264 8.0 0
1709024074268 43.0 0
1709024074269 74.0 0
1709024074270 15.0 0
1709024074272 53.0 0
1709024074274 82.0 0
1709024074278 93.0 0
1709024074279 15.0 0
1709024074283 20.0 0
1709024074284 49.0 0
1709024074290 58.0 0
1709024074291 44.0 0
1709024074291 77.0 0
1709024074292 77.0 0
1709024074293 12.0 0
1709024074294 14.0 0
1709024074297 89.0 0
1709024074299 30.0 0
1709024074301 59.0 0
1709024074302 29.0 0
1709024074303 75.0 0
1709024074304 71.0 0
1709024074308 74.0 0
1709024074312 54.0 0
1709024074312 66.0 0
1709024074313 50.0 0
1709024074315 72.0 0
1709024074319 97.0 0
1709024074324 15.0 0
1709024074326 8.0 0
1709024074327 49.0 0
1709024074329 62.0 0
1709024074331 24.0 0
1709024074332 11.0 0
1709024074333 91.0 0
1709024074338 66.0 0
1709024074339 41.0 0
1709024074342 32.0 0
1709024074345 49.0 0
1709024074347 22.0 0
1709024074347 41.0 0
1709024074349 63.0 0
1709024074351 49.0 0
1709024074357 15.0 0
1709024074358 91.0 0
1709024074360 13.0 0
1709024074361 35.0 0
1709024074365 47.0 0
1709024074373 60.0 0
1709024074376 42.0 0
1709024074377 26.0 0
1709024074386 48.0 0
1709024074389 41.0 0
1709024074394 84.0 0
1709024074394 12.0 0
1709024074395 44.0 0
1709024074402 18.0 0
1709024074403 60.0 0
1709024074408 35.0 0
1709024074409 82.0 0
1709024074410 80.0 0
1709024074411 29.0 0
1709024074413 13.0 0
1709024074417 71.0 0
1709024074418 17.0 0
1709024074419 41.0 0
1709024074420 97.0 0
1709024074422 87.0 0
1709024074430 38.0 0
1709024074432 82.0 0
1709024074438 58.0 0
1709024074439 50.0 0
1709024074441 40.0 0
1709024074446 15.0 0
1709024074447 48.0 0
1709024074452 29.0 0
1709024074453 41.0 0
1709024074454 21.0 0
1709024074454 51.0 0
1709024074455 73.0 0
1709024074457 6.0 0
1709024074459 86.0 0
1709024074461 22.0 0
1709024074466 15.0 0
1709024074467 22.0 0
1709024074471 86.0 0
1709024074474 39.0 0
1709024074478 70.0 0
1709024074479 97.0 0
1709024074480 93.0 0
1709024074483 77.0 0
1709024074484 14.0 0
1709024074489 65.0 0
1709024074490 31.0 0
1709024074492 89.0 0
1709024074497 18.0 0
1709024074498 57.0 0
1709024074500 36.0 0
1709024074506 28.0 0
1709024074506 83.0 0
1709024074513 93.0 0
1709024074514 22.0 0
1709024074521 39.0 0
1709024074522 69.0 0
1709024074526 75.0 0
1709024074527 18.0 0
1709024074532 22.0 0
1709024074533 59.0 0
1709024074537 48.0 0
1709024074538 75.0 0
1709024074541 66.0 0
1709024074542 13.0 0
1709024074544 69.0 0
1709024074549 57.0 0
1709024074550 24.0 0
1709024074551 65.0 0
1709024074552 27.0 0
1709024074555 20.0 0
1709024074562 46.0 0
1709024074565 17.0 0
1709024074567 62.0 0
1709024074571 83.0 0
1709024074577 9.0 0
1709024074584 36.0 0
1709024074585 72.0 0
1709024074586 77.0 0
1709024074587 94.0 0
1709024074588 68.0 0
1709024074589 69.0 0
1709024074591 95.0 0
1709024074597 97.0 0
1709024074598 57.0 0
1709024074601 7.0 0
1709024074606 65.0 0
1709024074607 37.0 0
1709024074608 79.0 0
1709024074609 95.0 0
1709024074610 15.0 0
1709024074616 8.0 0
1709024074616 56.0 0
1709024074617 85.0 0
1709024074619 66.0 0
1709024074621 1.0 0
1709024074623 79.0 0
1709024074624 48.0 0
1709024074626 23.0 0
1709024074631 60.0 0
1709024074632 51.0 0
1709024074639 89.0 0
1709024074644 98.0 0
1709024074645 52.0 0
1709024074646 31.0 0
1709024074647 84.0 0
1709024074651 74.0 0
1709024074651 84.0 0
1709024074657 88.0 0
1709024074660 21.0 0
1709024074661 65.0 0
1709024074663 36.0 0
1709024074668 25.0 0
1709024074670 10.0 0
1709024074674 19.0 0
1709024074675 2.0 0
1709024074677 86.0 0
1709024074681 17.0 0
1709024074682 65.0 0
1709024074685 85.0 0
1709024074687 29.0 0
1709024074689 36.0 0
1709024074693 96.0 0
1709024074694 83.0 0
1709024074695 0.0 0
1709024074700 6.0 0
1709024074701 42.0 0
1709024074702 60.0 0
1709024074705 80.0 0
1709024074709 45.0 0
1709024074710 9.0 0
1709024074711 41.0 0
1709024074711 6.0 0
1709024074713 34.0 0
1709024074714 99.0 0
1709024074715 61.0 0
1709024074719 39.0 0
1709024074720 97.0 0
1709024074720 51.0 0
1709024074722 85.0 0
1709024074723 45.0 0
1709024074728 97.0 0
1709024074729 10.0 0
1709024074734 7.0 0
1709024074738 54.0 0
1709024074740 15.0 0
1709024074742 11.0 0
1709024074745 60.0 0
1709024074746 53.0 0
1709024074746 58.0 0
1709024074749 30.0 0
1709024074750 59.0 0
1709024074753 37.0 0
1709024074755 59.0 0
1709024074757 78.0 0
1709024074760 0.0 0
1709024074761 10.0 0
1709024074762 13.0 0
1709024074764 27.0 0
1709024074766 43.0 0
1709024074769 75.0 0
1709024074772 76.0 0
1709024074772 74.0 0
1709024074775 12.0 0
1709024074777 25.0 0
1709024074778 99.0 0
1709024074780 87.0 0
1709024074781 35.0 0
1709024074784 84.0 0
1709024074786 57.0 0
1709024074786 64.0 0
1709024074788 70.0 0
1709024074789 49.0 0
1709024074790 59.0 0
1709024074794 73.0 0
1709024074799 59.0 0
1709024074802 18.0 0
1709024074809 83.0 0
1709024074810 13.0 0
1709024074813 51.0 0
1709024074815 99.0 0
1709024074817 96.0 0
1709024074818 76.0 0
1709024074819 1.0 0
1709024074821 89.0 0
1709024074823 71.0 0
1709024074824 1.0 0
1709024074825 77.0 0
1709024074828 26.0 0
1709024074829 88.0 0
1709024074834 83.0 0
1709024074835 44.0 0
1709024074840 11.0 0
1709024074840 14.0 0
1709024074842 21.0 0
1709024074843 92.0 0
1709024074844 8.0 0
1709024074848 87.0 0
1709024074850 31.0 0
1709024074853 27.0 0
1709024074854 1.0 0
1709024074862 96.0 0
1709024074862 90.0 0
1709024074865 89.0 0
1709024074866 81.0 0
1709024074868 4.0 0
1709024074871 85.0 0
1709024074875 35.0 0
1709024074878 59.0 0
1709024074885 56.0 0
1709024074889 92.0 0
1709024074893 79.0 0
1709024074897 15.0 0
1709024074899 27.0 0
1709024074900 28.0 0
1709024074902 62.0 0
1709024074907 89.0 0
1709024074908 97.0 0
1709024074910 73.0 0
1709024074911 94.0 0
1709024074915 20.0 0
1709024074915 65.0 0
1709024074920 34.0 0
1709024074924 92.0 0
1709024074927 72.0 0
1709024074934 7.0 0
1709024074936 44.0 0
1709024074940 81.0 0
1709024074941 83.0 0
1709024074942 13.0 0
1709024074944 31.0 0
1709024074946 84.0 0
1709024074947 58.0 0
1709024074948 27.0 0
1709024074956 4.0 0
1709024074957 93.0 0
1709024074960 29.0 0
1709024074968 24.0 0
1709024074969 99.0 0
1709024074970 64.0 0
1709024074973 56.0 0
1709024074978 70.0 0
1709024074981 52.0 0
1709024074988 30.0 0
1709024074988 17.0 0
1709024074992 25.0 0
1709024074996 80.0 0
1709024074996 83.0 0
1709024074999 80.0 0
1709024075003 94.0 0
1709024075004 84.0 0
1709024075009 48.0 0
1709024075010 36.0 0
1709024075013 6.0 0
1709024075014 38.0 0
1709024075018 94.0 0
1709024075022 80.0 0
1709024075023 30.0 0
1709024075024 63.0 0
1709024075030 15.0 0
1709024075032 61.0 0
1709024075034 48.0 0
1709024075035 89.0 0
1709024075047 78.0 0
1709024075049 15.0 0
1709024075050 73.0 0
1709024075051 42.0 0
1709024075055 17.0 0
1709024075056 96.0 0
1709024075057 8.0 0
1709024075062 29.0 0
1709024075067 95.0 0
1709024075070 28.0 0
1709024075072 23.0 0
1709024075072 91.0 0
1709024075074 53.0 0
1709024075076 94.0 0
1709024075078 10.0 0
1709024075082 97.0 0
1709024075083 26.0 0
1709024075084 78.0 0
1709024075085 66.0 0
1709024075086 20.0 0
1709024075086 86.0 0
1709024075088 9.0 0
1709024075090 46.0 0
1709024075090 87.0 0
1709024075095 41.0 0
1709024075096 47.0 0
1709024075097 64.0 0
1709024075098 81.0 0
1709024075102 62.0 0
1709024075103 31.0 0
1709024075107 39.0 0
1709024075109 87.0 0
1709024075111 85.0 0
1709024075112 60.0 0
1709024075113 58.0 0
1709024075116 16.0 0
1709024075122 57.0 0
1709024075123 35.0 0
1709024075125 3.0 0
1709024075130 5.0 0
1709024075131 8.0 0
1709024075132 22.0 0
1709024075134 24.0 0
1709024075137 29.0 0
1709024075138 86.0 0
1709024075139 86.0 0
1709024075142 91.0 0
1709024075144 45.0 0
1709024075147 27.0 0
1709024075149 86.0 0
1709024075150 70.0 0
1709024075151 90.0 0
1709024075153 71.0 0
1709024075156 76.0 0
1709024075157 2.0 0
1709024075162 8.0 0
1709024075162 2.0 0
1709024075165 70.0 0
1709024075176 39.0 0
1709024075177 27.0 0
1709024075178 36.0 0
1709024075183 91.0 0
1709024075193 92.0 0
1709024075194 87.0 0
1709024075196 99.0 0
1709024075196 19.0 0
1709024075198 96.0 0
1709024075200 43.0 0
1709024075201 66.0 0
1709024075203 2.0 0
1709024075204 3.0 0
1709024075205 57.0 0
1709024075208 69.0 0
1709024075209 77.0 0
1709024075210 51.0 0
1709024075211 81.0 0
1709024075213 87.0 0
1709024075215 86.0 0
1709024075217 14.0 0
1709024075218 16.0 0
1709024075220 86.0 0
1709024075228 13.0 0
1709024075230 37.0 0
1709024075232 35.0 0
1709024075234 34.0 0
1709024075235 23.0 0
1709024075237 58.0 0
1709024075238 34.0 0
1709024075240 55.0 0
1709024075241 91.0 0
1709024075242 51.0 0
1709024075243 33.0 0
1709024075250 80.0 0
1709024075253 23.0 0
1709024075256 38.0 0
1709024075257 8.0 0
1709024075261 15.0 0
1709024075266 36.0 0
1709024075275 9.0 0
1709024075276 12.0 0
1709024075279 53.0 0
1709024075281 15.0 0
1709024075285 73.0 0
1709024075287 53.0 0
1709024075290 65.0 0
1709024075294 88.0 0
1709024075296 98.0 0
1709024075297 34.0 0
1709024075299 1.0 0
1709024075302 96.0 0
1709024075303 74.0 0
1709024075304 61.0 0
1709024075306 20.0 0
1709024075311 75.0 0
1709024075312 12.0 0
1709024075315 59.0 0
1709024075316 55.0 0
1709024075319 63.0 0
1709024075321 1.0 0
1709024075324 63.0 0
1709024075326 55.0 0
1709024075327 81.0 0
1709024075328 23.0 0
1709024075328 72.0 0
1709024075334 57.0 0
1709024075345 84.0 0
1709024075356 23.0 0
1709024075357 30.0 0
1709024075363 21.0 0
1709024075364 14.0 0
1709024075366 62.0 0
1709024075367 83.0 0
1709024075368 49.0 0
1709024075369 59.0 0
1709024075370 83.0 0
1709024075370 98.0 0
1709024075371 21.0 0
1709024075372 66.0 0
1709024075374 47.0 0
1709024075378 87.0 0
1709024075381 74.0 0
1709024075382 82.0 0
1709024075383 53.0 0
1709024075389 6.0 0
1709024075391 89.0 0
1709024075393 51.0 0
1709024075396 71.0 0
1709024075396 18.0 0
1709024075397 92.0 0
1709024075401 3.0 0
1709024075401 83.0 0
1709024075403 8.0 0
1709024075409 19.0 0
1709024075410 64.0 0
1709024075418 58.0 0
1709024075422 49.0 0
1709024075425 30.0 0
1709024075426 41.0 0
1709024075429 32.0 0
1709024075437 86.0 0
1709024075442 59.0 0
1709024075443 69.0 0
1709024075444 50.0 0
1709024075446 91.0 0
1709024075448 32.0 0
1709024075449 8.0 0
1709024075451 96.0 0
1709024075452 93.0 0
1709024075456 93.0 0
1709024075456 28.0 0
1709024075457 57.0 0
1709024075459 45.0 0
1709024075460 78.0 0
1709024075472 83.0 0
1709024075475 8.0 0
1709024075476 41.0 0
1709024075479 95.0 0
1709024075483 89.0 0
1709024075491 31.0 0
1709024075492 5.0 0
1709024075497 37.0 0
1709024075502 30.0 0
1709024075502 38.0 0
1709024075503 30.0 0
1709024075505 42.0 0
1709024075507 94.0 0
1709024075511 66.0 0
1709024075516 94.0 0
1709024075524 81.0 0
1709024075527 98.0 0
1709024075530 40.0 0
1709024075540 53.0 0
1709024075544 42.0 0
1709024075547 38.0 0
1709024075549 24.0 0
1709024075557 3.0 0
1709024075560 10.0 0
1709024075567 8.0 0
1709024075568 42.0 0
1709024075570 5.0 0
1709024075575 22.0 0
1709024075583 62.0 0
1709024075584 56.0 0
1709024075584 84.0 0
1709024075593 10.0 0
1709024075599 29.0 0
1709024075600 53.0 0
1709024075605 56.0 0
1709024075608 11.0 0
1709024075611 55.0 0
1709024075612 44.0 0
1709024075613 42.0 0
1709024075620 79.0 0
1709024075626 22.0 0
1709024075627 40.0 0
1709024075628 87.0 0
1709024075632 54.0 0
1709024075633 46.0 0
1709024075633 21.0 0
1709024075636 9.0 0
1709024075638 23.0 0
1709024075641 60.0 0
1709024075643 50.0 0
1709024075648 79.0 0
1709024075651 35.0 0
1709024075655 10.0 0
1709024075658 13.0 0
1709024075659 76.0 0
1709024075661 38.0 0
1709024075666 71.0 0
1709024075668 33.0 0
1709024075671 34.0 0
1709024075673 94.0 0
1709024075673 56.0 0
1709024075675 50.0 0
1709024075684 90.0 0
1709024075695 0.0 0
1709024075697 54.0 0
1709024075698 50.0 0
1709024075703 47.0 0
1709024075705 5.0 0
1709024075710 97.0 0
1709024075712 85.0 0
1709024075713 3.0 0
1709024075718 57.0 0
1709024075719 71.0 0
1709024075720 34.0 0
1709024075722 11.0 0
1709024075723 88.0 0
1709024075728 90.0 0
1709024075731 25.0 0
1709024075732 47.0 0
1709024075739 29.0 0
1709024075740 18.0 0
1709024075741 49.0 0
1709024075749 53.0 0
1709024075750 64.0 0
1709024075751 42.0 0
1709024075752 92.0 0
1709024075753 86.0 0
1709024075753 35.0 0
1709024075754 99.0 0
1709024075760 75.0 0
1709024075761 60.0 0
1709024075762 58.0 0
1709024075763 51.0 0
1709024075764 22.0 0
1709024075767 39.0 0
1709024075774 49.0 0
1709024075775 35.0 0
1709024075779 99.0 0
1709024075783 59.0 0
1709024075784 75.0 0
1709024075786 64.0 0
1709024075787 9.0 0
1709024075787 78.0 0
1709024075791 13.0 0
1709024075794 33.0 0
1709024075797 80.0 0
1709024075798 2.0 0
1709024075800 91.0 0
1709024075801 80.0 0
1709024075804 47.0 0
1709024075804 9.0 0
1709024075807 97.0 0
1709024075811 33.0 0
1709024075815 40.0 0
1709024075815 9.0 0
1709024075816 50.0 0
1709024075817 6.0 0
1709024075819 81.0 0
1709024075821 93.0 0
1709024075821 12.0 0
1709024075823 12.0 0
1709024075824 67.0 0
1709024075825 98.0 0
1709024075826 42.0 0
1709024075834 54.0 0
1709024075835 84.0 0
1709024075837 8.0 0
1709024075841 39.0 0
1709024075842 46.0 0
1709024075845 47.0 0
1709024075846 71.0 0
1709024075847 8.0 0
1709024075848 18.0 0
1709024075849 46.0 0
1709024075849 29.0 0
1709024075851 85.0 0
1709024075852 52.0 0
1709024075863 22.0 0
1709024075865 73.0 0
1709024075870 11.0 0
1709024075876 87.0 0
1709024075877 36.0 0
1709024075878 97.0 0
1709024075880 45.0 0
1709024075882 7.0 0
1709024075882 21.0 0
1709024075883 45.0 0
1709024075887 63.0 0
1709024075888 60.0 0
1709024075891 10.0 0
1709024075899 41.0 0
1709024075901 43.0 0
1709024075902 48.0 0
1709024075904 11.0 0
1709024075905 4.0 0
1709024075905 56.0 0
1709024075906 52.0 0
1709024075914 33.0 0
1709024075922 9.0 0
1709024075925 75.0 0
1709024075926 42.0 0
1709024075928 83.0 0
1709024075929 7.0 0
1709024075931 88.0 0
1709024075933 24.0 0
1709024075934 69.0 0
1709024075935 50.0 0
1709024075940 69.0 0
1709024075943 71.0 0
1709024075948 66.0 0
1709024075956 12.0 0
1709024075957 56.0 0
1709024075958 12.0 0
1709024075959 38.0 0
1709024075959 89.0 0
1709024075962 26.0 0
1709024075964 81.0 0
1709024075964 38.0 0
1709024075965 90.0 0
1709024075970 21.0 0
1709024075972 34.0 0
1709024075973 54.0 0
1709024075974 32.0 0
1709024075975 51.0 0
1709024075978 34.0 0
1709024075984 7.0 0
1709024075985 69.0 0
1709024075989 73.0 0
1709024075990 42.0 0
1709024075996 48.0 0
1709024075997 19.0 0
1709024075998 24.0 0
1709024076003 99.0 0
1709024076007 48.0 0
1709024076009 15.0 0
1709024076010 86.0 0
1709024076012 87.0 0
1709024076015 9.0 0
1709024076016 91.0 0
1709024076019 86.0 0
1709024076020 90.0 0
1709024076022 2.0 0
1709024076023 23.0 0
1709024076024 25.0 0
1709024076029 50.0 0
1709024076031 26.0 0
1709024076038 30.0 0
1709024076040 69.0 0
1709024076040 26.0 0
1709024076047 67.0 0
1709024076049 80.0 0
1709024076053 87.0 0
1709024076056 41.0 0
1709024076058 30.0 0
1709024076060 69.0 0
1709024076067 53.0 0
1709024076068 23.0 0
1709024076072 20.0 0
1709024076076 92.0 0
1709024076080 1.0 0
1709024076082 84.0 0
1709024076083 55.0 0
1709024076085 43.0 0
1709024076088 87.0 0
1709024076089 60.0 0
1709024076094 30.0 0
1709024076095 34.0 0
1709024076097 14.0 0
1709024076102 85.0 0
1709024076103 36.0 0
1709024076107 2.0 0
1709024076109 18.0 0
1709024076111 50.0 0
1709024076112 3.0 0
1709024076116 71.0 0
1709024076116 12.0 0
1709024076118 8.0 0
1709024076120 32.0 0
1709024076120 33.0 0
1709024076122 94.0 0
1709024076123 1.0 0
1709024076125 21.0 0
1709024076127 37.0 0
1709024076128 63.0 0
1709024076133 87.0 0
1709024076133 87.0 0
1709024076135 70.0 0
1709024076136 81.0 0
1709024076138 31.0 0
1709024076140 43.0 0
1709024076142 48.0 0
1709024076144 60.0 0
1709024076153 48.0 0
1709024076157 40.0 0
1709024076160 36.0 0
1709024076163 91.0 0
1709024076163 51.0 0
1709024076164 86.0 0
1709024076166 90.0 0
1709024076171 37.0 0
1709024076173 42.0 0
1709024076176 22.0 0
1709024076179 48.0 0
1709024076180 36.0 0
1709024076182 90.0 0
1709024076185 22.0 0
1709024076186 17.0 0
1709024076187 38.0 0
1709024076188 73.0 0
1709024076195 5.0 0
1709024076202 85.0 0
1709024076205 45.0 0
1709024076209 86.0 0
1709024076210 3.0 0
1709024076212 59.0 0
1709024076215 1.0 0
1709024076220 2.0 0
1709024076223 60.0 0
1709024076225 1.0 0
1709024076225 22.0 0
1709024076226 85.0 0
1709024076229 22.0 0
1709024076230 42.0 0
1709024076231 51.0 0
1709024076232 71.0 0
1709024076233 20.0 0
1709024076234 79.0 0
1709024076234 90.0 0
1709024076236 63.0 0
1709024076239 49.0 0
1709024076240 81.0 0
1709024076247 74.0 0
1709024076254 91.0 0
1709024076257 44.0 0
1709024076258 74.0 0
1709024076261 44.0 0
1709024076265 30.0 0
1709024076268 53.0 0
1709024076270 74.0 0
1709024076271 29.0 0
1709024076272 4.0 0
