1709024072850 41.0 0
1709024072851 41.0 0
1709024072856 59.0 0
1709024072860 11.0 0
1709024072862 75.0 0
1709024072866 76.0 0
1709024072866 91.0 0
1709024072867 35.0 0
1709024072870 31.0 0
1709024072871 62.0 0
1709024072873 36.0 0
1709024072874 96.0 0
1709024072878 85.0 0
1709024072880 80.0 0
1709024072883 12.0 0
1709024072884 33.0 0
1709024072887 43.0 0
1709024072888 20.0 0
1709024072889 41.0 0
1709024072892 16.0 0
1709024072894 87.0 0
1709024072895 37.0 0
1709024072898 93.0 0
1709024072899 56.0 0
1709024072901 90.0 0
1709024072909 11.0 0
1709024072922 26.0 0
1709024072925 88.0 0
1709024072926 38.0 0
1709024072928 18.0 0
1709024072933 47.0 0
1709024072935 51.0 0
1709024072936 58.0 0
1709024072937 99.0 0
1709024072939 75.0 0
1709024072941 88.0 0
1709024072944 80.0 0
1709024072951 66.0 0
1709024072953 4.0 0
1709024072954 92.0 0
1709024072958 50.0 0
1709024072959 43.0 0
1709024072962 17.0 0
1709024072963 96.0 0
1709024072967 51.0 0
1709024072969 60.0 0
1709024072972 65.0 0
1709024072975 59.0 0
1709024072976 88.0 0
1709024072978 56.0 0
1709024072979 2.0 0
1709024072982 85.0 0
1709024072983 25.0 0
1709024072986 12.0 0
1709024072991 0.0 0
1709024073000 0.0 0
1709024073004 2.0 0
1709024073007 24.0 0
1709024073012 83.0 0
1709024073014 95.0 0
1709024073017 11.0 0
1709024073019 47.0 0
1709024073023 97.0 0
1709024073028 78.0 0
1709024073029 9.0 0
1709024073037 70.0 0
1709024073039 88.0 0
1709024073043 15.0 0
1709024073050 82.0 0
1709024073056 43.0 0
1709024073057 86.0 0
1709024073059 96.0 0
1709024073061 34.0 0
1709024073062 41.0 0
1709024073063 36.0 0
1709024073064 26.0 0
1709024073069 29.0 0
1709024073071 53.0 0
1709024073072 8.0 0
1709024073072 35.0 0
1709024073077 91.0 0
1709024073079 30.0 0
1709024073080 44.0 0
1709024073081 14.0 0
1709024073082 63.0 0
1709024073084 90.0 0
1709024073087 78.0 0
1709024073090 53.0 0
1709024073092 88.0 0
1709024073094 65.0 0
1709024073095 61.0 0
1709024073096 37.0 0
1709024073097 20.0 0
1709024073100 86.0 0
1709024073101 25.0 0
1709024073108 81.0 0
1709024073110 35.0 0
1709024073112 21.0 0
1709024073116 56.0 0
1709024073117 8.0 0
1709024073122 11.0 0
1709024073124 84.0 0
1709024073127 6.0 0
1709024073132 85.0 0
1709024073133 53.0 0
1709024073138 94.0 0
1709024073139 41.0 0
1709024073145 75.0 0
1709024073147 9.0 0
1709024073147 65.0 0
1709024073149 35.0 0
1709024073150 60.0 0
1709024073153 97.0 0
1709024073155 63.0 0
1709024073157 42.0 0
1709024073157 80.0 0
1709024073159 99.0 0
1709024073161 6.0 0
1709024073163 88.0 0
1709024073165 73.0 0
1709024073168 56.0 0
1709024073169 86.0 0
1709024073170 12.0 0
1709024073176 7.0 0
1709024073177 52.0 0
1709024073181 18.0 0
1709024073183 87.0 0
1709024073184 16.0 0
1709024073186 28.0 0
1709024073190 11.0 0
1709024073194 87.0 0
1709024073195 76.0 0
1709024073197 90.0 0
1709024073200 85.0 0
1709024073201 57.0 0
1709024073204 49.0 0
1709024073207 43.0 0
1709024073208 96.0 0
1709024073210 31.0 0
1709024073211 93.0 0
1709024073213 93.0 0
1709024073216 74.0 0
1709024073217 10.0 0
1709024073220 8.0 0
1709024073221 29.0 0
1709024073222 60.0 0
1709024073228 73.0 0
1709024073230 62.0 0
1709024073232 53.0 0
1709024073233 88.0 0
1709024073235 20.0 0
1709024073236 75.0 0
1709024073238 92.0 0
1709024073239 79.0 0
1709024073240 20.0 0
1709024073249 44.0 0
1709024073250 42.0 0
1709024073258 46.0 0
1709024073259 38.0 0
1709024073260 78.0 0
1709024073264 84.0 0
1709024073269 64.0 0
1709024073274 16.0 0
1709024073280 11.0 0
1709024073281 2.0 0
1709024073284 63.0 0
1709024073284 3.0 0
1709024073285 36.0 0
1709024073289 51.0 0
1709024073291 57.0 0
1709024073293 89.0 0
1709024073297 27.0 0
1709024073299 82.0 0
1709024073302 37.0 0
1709024073303 56.0 0
1709024073308 99.0 0
1709024073314 0.0 0
1709024073315 65.0 0
1709024073316 92.0 0
1709024073317 99.0 0
1709024073318 25.0 0
1709024073320 69.0 0
1709024073321 80.0 0
1709024073321 19.0 0
1709024073324 50.0 0
1709024073330 83.0 0
1709024073335 21.0 0
1709024073336 71.0 0
1709024073339 33.0 0
1709024073342 11.0 0
1709024073342 3.0 0
1709024073343 95.0 0
1709024073344 70.0 0
1709024073347 89.0 0
1709024073352 1.0 0
1709024073353 94.0 0
1709024073354 34.0 0
1709024073357 14.0 0
1709024073362 82.0 0
1709024073362 62.0 0
1709024073365 68.0 0
1709024073366 41.0 0
1709024073367 72.0 0
1709024073371 69.0 0
1709024073371 50.0 0
1709024073372 45.0 0
1709024073373 13.0 0
1709024073379 48.0 0
1709024073386 98.0 0
1709024073391 18.0 0
1709024073392 1.0 0
1709024073393 62.0 0
1709024073396 71.0 0
1709024073396 79.0 0
1709024073397 49.0 0
1709024073398 39.0 0
1709024073400 49.0 0
1709024073401 48.0 0
1709024073403 96.0 0
1709024073411 18.0 0
1709024073414 68.0 0
1709024073415 12.0 0
1709024073416 35.0 0
1709024073427 55.0 0
1709024073432 62.0 0
1709024073435 89.0 0
1709024073436 63.0 0
1709024073438 74.0 0
1709024073439 73.0 0
1709024073440 6.0 0
1709024073442 26.0 0
1709024073459 1.0 0
1709024073466 93.0 0
1709024073483 45.0 0
1709024073491 68.0 0
1709024073492 15.0 0
1709024073493 27.0 0
1709024073500 52.0 0
1709024073502 48.0 0
1709024073506 34.0 0
1709024073507 53.0 0
1709024073509 19.0 0
1709024073511 44.0 0
1709024073512 36.0 0
1709024073518 74.0 0
1709024073522 35.0 0
1709024073526 21.0 0
1709024073527 85.0 0
1709024073529 96.0 0
1709024073537 44.0 0
1709024073541 63.0 0
1709024073544 78.0 0
1709024073550 78.0 0
1709024073562 78.0 0
1709024073563 68.0 0
1709024073565 1.0 0
1709024073568 30.0 0
1709024073569 63.0 0
1709024073573 0.0 0
1709024073575 88.0 0
1709024073579 11.0 0
1709024073583 44.0 0
1709024073585 38.0 0
1709024073586 54.0 0
1709024073588 8.0 0
1709024073593 47.0 0
1709024073596 65.0 0
1709024073596 21.0 0
1709024073598 22.0 0
1709024073599 37.0 0
1709024073601 36.0 0
1709024073606 6.0 0
1709024073609 58.0 0
1709024073609 4.0 0
1709024073611 70.0 0
1709024073612 92.0 0
1709024073616 80.0 0
1709024073618 52.0 0
1709024073619 97.0 0
1709024073620 42.0 0
1709024073627 57.0 0
1709024073628 11.0 0
1709024073629 72.0 0
1709024073630 50.0 0
1709024073631 76.0 0
1709024073633 88.0 0
1709024073633 52.0 0
1709024073634 53.0 0
1709024073636 7.0 0
1709024073638 36.0 0
1709024073644 70.0 0
1709024073648 24.0 0
1709024073649 8.0 0
1709024073652 14.0 0
1709024073653 73.0 0
1709024073657 34.0 0
1709024073662 88.0 0
1709024073664 19.0 0
1709024073671 11.0 0
1709024073673 17.0 0
1709024073675 25.0 0
1709024073679 42.0 0
1709024073679 15.0 0
1709024073683 36.0 0
1709024073690 95.0 0
1709024073693 63.0 0
1709024073694 27.0 0
1709024073695 85.0 0
1709024073697 11.0 0
1709024073699 11.0 0
1709024073702 70.0 0
1709024073704 51.0 0
1709024073707 13.0 0
1709024073707 71.0 0
1709024073709 83.0 0
1709024073711 88.0 0
1709024073712 23.0 0
1709024073715 1.0 0
1709024073720 14.0 0
1709024073722 13.0 0
1709024073726 7.0 0
1709024073726 98.0 0
1709024073728 77.0 0
1709024073730 66.0 0
1709024073731 98.0 0
1709024073733 11.0 0
1709024073735 96.0 0
1709024073736 12.0 0
1709024073736 97.0 0
1709024073737 5.0 0
1709024073740 66.0 0
1709024073745 30.0 0
1709024073746 51.0 0
1709024073749 71.0 0
1709024073754 30.0 0
1709024073759 26.0 0
1709024073760 46.0 0
1709024073762 68.0 0
1709024073763 19.0 0
1709024073765 66.0 0
1709024073766 59.0 0
1709024073768 46.0 0
1709024073772 1.0 0
1709024073773 99.0 0
1709024073775 92.0 0
1709024073777 61.0 0
1709024073778 20.0 0
1709024073780 91.0 0
1709024073781 74.0 0
1709024073784 90.0 0
1709024073787 77.0 0
1709024073788 60.0 0
1709024073789 40.0 0
1709024073793 19.0 0
1709024073797 93.0 0
1709024073802 73.0 0
1709024073803 64.0 0
1709024073806 63.0 0
1709024073808 71.0 0
1709024073809 67.0 0
1709024073811 58.0 0
1709024073812 63.0 0
1709024073813 49.0 0
1709024073824 99.0 0
1709024073826 57.0 0
1709024073827 9.0 0
1709024073830 56.0 0
1709024073832 97.0 0
1709024073834 2.0 0
1709024073839 66.0 0
1709024073842 38.0 0
1709024073844 61.0 0
1709024073845 34.0 0
1709024073846 12.0 0
1709024073850 57.0 0
1709024073853 29.0 0
1709024073857 81.0 0
1709024073859 58.0 0
1709024073860 45.0 0
1709024073862 91.0 0
1709024073862 41.0 0
1709024073865 19.0 0
1709024073867 39.0 0
1709024073868 71.0 0
1709024073870 75.0 0
1709024073872 98.0 0
1709024073873 98.0 0
1709024073874 79.0 0
1709024073875 69.0 0
1709024073882 8.0 0
1709024073885 32.0 0
1709024073887 94.0 0
1709024073889 33.0 0
1709024073890 94.0 0
1709024073892 38.0 0
1709024073895 2.0 0
1709024073899 72.0 0
1709024073900 11.0 0
1709024073904 64.0 0
1709024073909 13.0 0
1709024073913 21.0 0
1709024073918 21.0 0
1709024073919 77.0 0
1709024073923 21.0 0
1709024073925 9.0 0
1709024073930 31.0 0
1709024073933 76.0 0
1709024073934 98.0 0
1709024073940 91.0 0
1709024073942 75.0 0
1709024073942 28.0 0
1709024073951 92.0 0
1709024073952 91.0 0
1709024073953 33.0 0
1709024073957 91.0 0
1709024073958 91.0 0
1709024073964 59.0 0
1709024073972 94.0 0
1709024073972 17.0 0
1709024073975 67.0 0
1709024073983 47.0 0
1709024073991 88.0 0
1709024073992 89.0 0
1709024073992 64.0 0
1709024073993 31.0 0
1709024073996 33.0 0
1709024073998 94.0 0
1709024073999 54.0 0
1709024074001 71.0 0
1709024074006 85.0 0
1709024074007 72.0 0
1709024074008 26.0 0
1709024074010 28.0 0
1709024074011 21.0 0
1709024074012 64.0 0
1709024074015 9.0 0
1709024074016 17.0 0
1709024074017 60.0 0
1709024074020 66.0 0
1709024074022 74.0 0
1709024074022 53.0 0
1709024074028 57.0 0
1709024074029 23.0 0
1709024074032 75.0 0
1709024074034 49.0 0
1709024074039 0.0 0
1709024074040 75.0 0
1709024074041 31.0 0
1709024074042 4.0 0
1709024074050 53.0 0
1709024074051 99.0 0
1709024074053 74.0 0
1709024074056 64.0 0
1709024074056 84.0 0
1709024074058 33.0 0
1709024074060 77.0 0
1709024074064 99.0 0
1709024074065 93.0 0
1709024074066 11.0 0
1709024074068 54.0 0
1709024074069 74.0 0
1709024074070 3.0 0
1709024074075 3.0 0
1709024074076 94.0 0
1709024074079 90.0 0
1709024074080 61.0 0
1709024074080 70.0 0
1709024074081 56.0 0
1709024074085 20.0 0
1709024074087 41.0 0
1709024074088 46.0 0
1709024074089 27.0 0
1709024074091 20.0 0
1709024074092 89.0 0
1709024074097 32.0 0
1709024074097 59.0 0
1709024074105 21.0 0
1709024074111 21.0 0
1709024074125 17.0 0
1709024074126 91.0 0
1709024074128 69.0 0
1709024074131 70.0 0
1709024074132 81.0 0
1709024074136 67.0 0
1709024074141 82.0 0
1709024074141 48.0 0
1709024074142 78.0 0
1709024074146 14.0 0
1709024074150 32.0 0
1709024074151 84.0 0
1709024074152 92.0 0
1709024074155 72.0 0
1709024074159 18.0 0
1709024074163 43.0 0
1709024074172 68.0 0
1709024074177 69.0 0
1709024074178 70.0 0
1709024074179 94.0 0
1709024074181 43.0 0
1709024074182 67.0 0
1709024074183 4.0 0
1709024074188 69.0 0
1709024074192 39.0 0
1709024074192 55.0 0
1709024074193 19.0 0
1709024074199 81.0 0
1709024074200 72.0 0
1709024074203 29.0 0
1709024074206 4.0 0
1709024074208 17.0 0
1709024074210 38.0 0
1709024074218 35.0 0
1709024074219 75.0 0
1709024074223 48.0 0
1709024074224 67.0 0
1709024074232 1.0 0
1709024074235 52.0 0
1709024074237 96.0 0
1709024074240 38.0 0
1709024074241 79.0 0
1709024074244 89.0 0
1709024074245 70.0 0
1709024074249 41.0 0
1709024074253 82.0 0
1709024074257 9.0 0
1709024074258 92.0 0
1709024074261 69.0 0
1709024074262 1.0 0
1709024074265 6.0 0
1709024074266 68.0 0
1709024074268 71.0 0
1709024074273 13.0 0
1709024074275 99.0 0
1709024074276 60.0 0
1709024074277 59.0 0
1709024074277 33.0 0
1709024074281 47.0 0
1709024074282 17.0 0
1709024074285 81.0 0
1709024074286 64.0 0
1709024074287 98.0 0
1709024074288 78.0 0
1709024074289 59.0 0
1709024074295 79.0 0
1709024074298 83.0 0
1709024074303 71.0 0
1709024074305 10.0 0
1709024074306 76.0 0
1709024074310 88.0 0
1709024074311 61.0 0
1709024074314 48.0 0
1709024074316 87.0 0
1709024074320 90.0 0
1709024074323 46.0 0
1709024074324 98.0 0
1709024074328 31.0 0
1709024074330 59.0 0
1709024074333 96.0 0
1709024074334 72.0 0
1709024074336 76.0 0
1709024074337 76.0 0
1709024074340 39.0 0
1709024074342 52.0 0
1709024074343 24.0 0
1709024074346 97.0 0
1709024074348 47.0 0
1709024074350 28.0 0
1709024074353 74.0 0
1709024074354 15.0 0
1709024074355 8.0 0
1709024074356 76.0 0
1709024074360 16.0 0
1709024074362 36.0 0
1709024074364 3.0 0
1709024074366 83.0 0
1709024074368 89.0 0
1709024074370 9.0 0
1709024074371 59.0 0
1709024074378 50.0 0
1709024074381 38.0 0
1709024074382 28.0 0
1709024074383 74.0 0
1709024074387 64.0 0
1709024074390 53.0 0
1709024074391 99.0 0
1709024074392 67.0 0
1709024074397 79.0 0
1709024074398 15.0 0
1709024074398 55.0 0
1709024074399 2.0 0
1709024074401 33.0 0
1709024074403 25.0 0
1709024074404 23.0 0
1709024074405 59.0 0
1709024074406 32.0 0
1709024074412 0.0 0
1709024074414 21.0 0
1709024074414 33.0 0
1709024074416 2.0 0
1709024074425 51.0 0
1709024074426 80.0 0
1709024074427 67.0 0
1709024074428 63.0 0
1709024074433 75.0 0
1709024074433 2.0 0
1709024074435 22.0 0
1709024074437 67.0 0
1709024074440 58.0 0
1709024074444 85.0 0
1709024074449 8.0 0
1709024074456 46.0 0
1709024074458 42.0 0
1709024074458 44.0 0
1709024074460 79.0 0
1709024074463 30.0 0
1709024074464 69.0 0
1709024074468 66.0 0
1709024074469 64.0 0
1709024074469 57.0 0
1709024074473 20.0 0
1709024074475 10.0 0
1709024074476 33.0 0
1709024074477 14.0 0
1709024074479 9.0 0
1709024074483 10.0 0
1709024074486 79.0 0
1709024074488 20.0 0
1709024074489 24.0 0
1709024074491 88.0 0
1709024074494 28.0 0
1709024074495 29.0 0
1709024074498 92.0 0
1709024074502 37.0 0
1709024074502 64.0 0
1709024074504 58.0 0
1709024074508 89.0 0
1709024074509 99.0 0
1709024074511 5.0 0
1709024074511 99.0 0
1709024074516 53.0 0
1709024074516 32.0 0
1709024074517 9.0 0
1709024074518 35.0 0
1709024074519 25.0 0
1709024074526 75.0 0
1709024074528 78.0 0
1709024074534 63.0 0
1709024074535 60.0 0
1709024074539 11.0 0
1709024074543 16.0 0
1709024074545 98.0 0
1709024074547 35.0 0
1709024074547 52.0 0
1709024074554 42.0 0
1709024074561 15.0 0
1709024074563 78.0 0
1709024074568 6.0 0
1709024074574 41.0 0
1709024074579 35.0 0
1709024074581 78.0 0
1709024074582 62.0 0
1709024074583 61.0 0
1709024074583 43.0 0
1709024074590 75.0 0
1709024074594 3.0 0
1709024074596 30.0 0
1709024074602 58.0 0
1709024074603 27.0 0
1709024074605 31.0 0
1709024074611 41.0 0
1709024074612 23.0 0
1709024074612 57.0 0
1709024074613 84.0 0
1709024074618 30.0 0
1709024074620 17.0 0
1709024074621 31.0 0
1709024074625 99.0 0
1709024074625 72.0 0
1709024074627 18.0 0
1709024074628 58.0 0
1709024074629 65.0 0
1709024074633 77.0 0
1709024074634 24.0 0
1709024074634 81.0 0
1709024074635 43.0 0
1709024074637 85.0 0
1709024074638 0.0 0
1709024074638 50.0 0
1709024074642 35.0 0
1709024074643 21.0 0
1709024074643 99.0 0
1709024074647 54.0 0
1709024074648 54.0 0
1709024074652 92.0 0
1709024074656 23.0 0
1709024074658 25.0 0
1709024074659 24.0 0
1709024074664 45.0 0
1709024074665 38.0 0
1709024074666 64.0 0
1709024074669 0.0 0
1709024074671 65.0 0
1709024074673 45.0 0
1709024074674 8.0 0
1709024074678 70.0 0
1709024074683 32.0 0
1709024074684 24.0 0
1709024074686 44.0 0
1709024074688 9.0 0
1709024074689 26.0 0
1709024074690 48.0 0
1709024074692 37.0 0
1709024074694 90.0 0
1709024074697 26.0 0
1709024074698 22.0 0
1709024074698 95.0 0
1709024074699 78.0 0
1709024074702 71.0 0
1709024074703 98.0 0
1709024074707 1.0 0
1709024074707 88.0 0
1709024074717 35.0 0
1709024074718 71.0 0
1709024074721 2.0 0
1709024074724 14.0 0
1709024074725 18.0 0
1709024074726 51.0 0
1709024074730 79.0 0
1709024074731 24.0 0
1709024074732 44.0 0
1709024074732 93.0 0
1709024074737 47.0 0
1709024074737 38.0 0
1709024074743 64.0 0
1709024074744 63.0 0
1709024074752 5.0 0
1709024074754 29.0 0
1709024074756 55.0 0
1709024074759 31.0 0
1709024074763 25.0 0
1709024074771 82.0 0
1709024074773 11.0 0
1709024074774 4.0 0
1709024074776 17.0 0
1709024074779 97.0 0
1709024074782 57.0 0
1709024074783 2.0 0
1709024074792 32.0 0
1709024074794 19.0 0
1709024074801 14.0 0
1709024074803 53.0 0
1709024074804 79.0 0
1709024074805 52.0 0
1709024074806 29.0 0
1709024074808 71.0 0
1709024074814 67.0 0
1709024074822 56.0 0
1709024074831 8.0 0
1709024074832 36.0 0
1709024074833 19.0 0
1709024074835 6.0 0
1709024074836 38.0 0
1709024074837 98.0 0
1709024074838 47.0 0
1709024074839 26.0 0
1709024074844 70.0 0
1709024074846 13.0 0
1709024074847 63.0 0
1709024074851 64.0 0
1709024074853 2.0 0
1709024074855 56.0 0
1709024074856 81.0 0
1709024074858 17.0 0
1709024074859 82.0 0
1709024074860 47.0 0
1709024074861 23.0 0
1709024074863 6.0 0
1709024074864 58.0 0
1709024074866 60.0 0
1709024074869 45.0 0
1709024074870 67.0 0
1709024074873 42.0 0
1709024074876 76.0 0
1709024074877 62.0 0
1709024074881 15.0 0
1709024074882 96.0 0
1709024074885 18.0 0
1709024074887 88.0 0
1709024074892 96.0 0
1709024074895 84.0 0
1709024074898 84.0 0
1709024074899 98.0 0
1709024074901 82.0 0
1709024074904 82.0 0
1709024074917 96.0 0
1709024074921 33.0 0
1709024074928 33.0 0
1709024074931 18.0 0
1709024074932 70.0 0
1709024074933 30.0 0
1709024074937 25.0 0
1709024074938 41.0 0
1709024074939 8.0 0
1709024074943 63.0 0
1709024074944 65.0 0
1709024074945 53.0 0
1709024074951 78.0 0
1709024074952 27.0 0
1709024074962 67.0 0
1709024074965 50.0 0
1709024074965 19.0 0
1709024074967 75.0 0
1709024074971 97.0 0
1709024074972 24.0 0
1709024074972 54.0 0
1709024074977 18.0 0
1709024074983 32.0 0
1709024074984 89.0 0
1709024074985 24.0 0
1709024074986 53.0 0
1709024074992 76.0 0
1709024074995 25.0 0
1709024074997 72.0 0
1709024074998 22.0 0
1709024075000 27.0 0
1709024075006 51.0 0
1709024075008 71.0 0
1709024075011 47.0 0
1709024075012 87.0 0
1709024075017 97.0 0
1709024075017 44.0 0
1709024075019 22.0 0
1709024075021 83.0 0
1709024075021 26.0 0
1709024075025 17.0 0
1709024075029 29.0 0
1709024075033 79.0 0
1709024075037 93.0 0
1709024075037 43.0 0
1709024075040 50.0 0
1709024075041 71.0 0
1709024075041 75.0 0
1709024075042 73.0 0
1709024075043 91.0 0
1709024075044 54.0 0
1709024075045 81.0 0
1709024075045 92.0 0
1709024075048 56.0 0
1709024075050 83.0 0
1709024075052 40.0 0
1709024075054 39.0 0
1709024075058 46.0 0
1709024075059 43.0 0
1709024075061 29.0 0
1709024075063 98.0 0
1709024075065 30.0 0
1709024075066 60.0 0
1709024075069 22.0 0
1709024075071 23.0 0
1709024075075 14.0 0
1709024075076 19.0 0
1709024075077 13.0 0
1709024075082 53.0 0
1709024075087 52.0 0
1709024075089 19.0 0
1709024075091 11.0 0
1709024075099 37.0 0
1709024075100 6.0 0
1709024075101 62.0 0
1709024075105 14.0 0
1709024075106 74.0 0
1709024075108 38.0 0
1709024075110 73.0 0
1709024075116 27.0 0
1709024075118 58.0 0
1709024075124 67.0 0
1709024075126 38.0 0
1709024075127 66.0 0
1709024075128 76.0 0
1709024075133 58.0 0
1709024075136 20.0 0
1709024075141 42.0 0
1709024075142 66.0 0
1709024075143 78.0 0
1709024075145 67.0 0
1709024075147 10.0 0
1709024075148 72.0 0
1709024075152 91.0 0
1709024075155 14.0 0
1709024075156 55.0 0
1709024075159 44.0 0
1709024075160 46.0 0
1709024075161 8.0 0
1709024075163 30.0 0
1709024075164 75.0 0
1709024075166 89.0 0
1709024075168 19.0 0
1709024075168 41.0 0
1709024075171 12.0 0
1709024075174 47.0 0
1709024075179 48.0 0
1709024075179 48.0 0
1709024075181 11.0 0
1709024075188 95.0 0
1709024075189 13.0 0
1709024075190 95.0 0
1709024075192 30.0 0
1709024075192 69.0 0
1709024075195 75.0 0
1709024075197 40.0 0
1709024075201 96.0 0
1709024075205 33.0 0
1709024075207 16.0 0
1709024075212 21.0 0
1709024075214 47.0 0
1709024075221 47.0 0
1709024075223 66.0 0
1709024075225 89.0 0
1709024075226 73.0 0
1709024075231 17.0 0
1709024075236 84.0 0
1709024075239 6.0 0
1709024075239 31.0 0
1709024075246 73.0 0
1709024075247 71.0 0
1709024075249 66.0 0
1709024075251 68.0 0
1709024075252 96.0 0
1709024075254 18.0 0
1709024075259 36.0 0
1709024075260 24.0 0
1709024075261 68.0 0
1709024075262 56.0 0
1709024075263 42.0 0
1709024075265 41.0 0
1709024075267 24.0 0
1709024075269 84.0 0
1709024075271 8.0 0
1709024075273 38.0 0
1709024075277 78.0 0
1709024075278 92.0 0
1709024075280 78.0 0
1709024075280 0.0 0
1709024075282 27.0 0
1709024075283 30.0 0
1709024075284 6.0 0
1709024075288 83.0 0
1709024075289 51.0 0
1709024075289 97.0 0
1709024075291 99.0 0
1709024075292 89.0 0
1709024075298 5.0 0
1709024075300 40.0 0
1709024075308 11.0 0
1709024075310 43.0 0
1709024075313 95.0 0
1709024075314 4.0 0
1709024075315 16.0 0
1709024075318 86.0 0
1709024075319 14.0 0
1709024075322 99.0 0
1709024075323 75.0 0
1709024075329 8.0 0
1709024075332 90.0 0
1709024075333 32.0 0
1709024075335 36.0 0
1709024075336 60.0 0
1709024075337 8.0 0
1709024075341 6.0 0
1709024075343 19.0 0
1709024075349 25.0 0
1709024075350 43.0 0
1709024075351 47.0 0
1709024075353 36.0 0
1709024075355 37.0 0
1709024075358 43.0 0
1709024075358 35.0 0
1709024075359 87.0 0
1709024075360 39.0 0
1709024075362 76.0 0
1709024075365 6.0 0
1709024075373 66.0 0
1709024075374 85.0 0
1709024075375 52.0 0
1709024075376 0.0 0
1709024075377 15.0 0
1709024075384 42.0 0
1709024075384 10.0 0
1709024075387 14.0 0
1709024075394 73.0 0
1709024075398 58.0 0
1709024075399 50.0 0
1709024075400 90.0 0
1709024075406 51.0 0
1709024075407 30.0 0
1709024075408 78.0 0
1709024075411 31.0 0
1709024075412 16.0 0
1709024075414 91.0 0
1709024075415 11.0 0
1709024075416 1.0 0
1709024075417 34.0 0
1709024075418 65.0 0
1709024075420 58.0 0
1709024075423 71.0 0
1709024075425 68.0 0
1709024075428 90.0 0
1709024075430 37.0 0
1709024075431 41.0 0
1709024075432 77.0 0
1709024075433 8.0 0
1709024075435 17.0 0
1709024075439 51.0 0
1709024075440 19.0 0
1709024075445 41.0 0
1709024075447 16.0 0
1709024075447 58.0 0
1709024075450 95.0 0
1709024075452 87.0 0
1709024075462 92.0 0
1709024075466 48.0 0
1709024075469 42.0 0
1709024075474 32.0 0
1709024075477 48.0 0
1709024075478 98.0 0
1709024075480 5.0 0
1709024075481 8.0 0
1709024075484 76.0 0
1709024075487 83.0 0
1709024075488 48.0 0
1709024075491 19.0 0
1709024075496 59.0 0
1709024075499 2.0 0
1709024075501 74.0 0
1709024075506 85.0 0
1709024075508 38.0 0
1709024075509 57.0 0
1709024075514 67.0 0
1709024075517 88.0 0
1709024075518 22.0 0
1709024075519 77.0 0
1709024075520 95.0 0
1709024075521 20.0 0
1709024075522 56.0 0
1709024075526 22.0 0
1709024075533 67.0 0
1709024075534 64.0 0
1709024075536 88.0 0
1709024075539 56.0 0
1709024075541 82.0 0
1709024075543 75.0 0
1709024075545 94.0 0
1709024075548 56.0 0
1709024075553 4.0 0
1709024075558 51.0 0
1709024075559 64.0 0
1709024075562 27.0 0
1709024075563 18.0 0
1709024075565 30.0 0
1709024075569 39.0 0
1709024075573 98.0 0
1709024075578 18.0 0
1709024075579 62.0 0
1709024075586 26.0 0
1709024075588 45.0 0
1709024075588 31.0 0
1709024075589 78.0 0
1709024075591 13.0 0
1709024075592 23.0 0
1709024075595 37.0 0
1709024075596 43.0 0
1709024075597 83.0 0
1709024075600 10.0 0
1709024075602 63.0 0
1709024075603 64.0 0
1709024075604 21.0 0
1709024075606 83.0 0
1709024075610 0.0 0
1709024075611 50.0 0
1709024075616 18.0 0
1709024075616 55.0 0
1709024075617 69.0 0
1709024075620 29.0 0
1709024075622 73.0 0
1709024075623 42.0 0
1709024075625 71.0 0
1709024075631 56.0 0
1709024075634 8.0 0
1709024075639 3.0 0
1709024075640 31.0 0
1709024075642 9.0 0
1709024075646 50.0 0
1709024075652 5.0 0
1709024075653 61.0 0
1709024075654 24.0 0
1709024075660 43.0 0
1709024075662 23.0 0
1709024075664 33.0 0
1709024075664 97.0 0
1709024075669 35.0 0
1709024075669 93.0 0
1709024075676 27.0 0
1709024075677 49.0 0
1709024075679 99.0 0
1709024075679 51.0 0
1709024075681 43.0 0
1709024075682 26.0 0
1709024075683 29.0 0
1709024075688 89.0 0
1709024075690 4.0 0
1709024075692 96.0 0
1709024075694 36.0 0
1709024075699 82.0 0
1709024075702 69.0 0
1709024075704 67.0 0
1709024075706 57.0 0
1709024075707 43.0 0
1709024075708 41.0 0
1709024075714 85.0 0
1709024075716 82.0 0
1709024075721 98.0 0
1709024075723 79.0 0
1709024075724 10.0 0
1709024075725 74.0 0
1709024075726 1.0 0
1709024075727 3.0 0
1709024075729 34.0 0
1709024075730 91.0 0
1709024075733 40.0 0
1709024075734 58.0 0
1709024075735 89.0 0
1709024075736 14.0 0
1709024075740 66.0 0
1709024075744 98.0 0
1709024075748 33.0 0
1709024075748 91.0 0
1709024075755 49.0 0
1709024075766 78.0 0
1709024075768 51.0 0
1709024075769 64.0 0
1709024075776 6.0 0
1709024075777 41.0 0
1709024075778 74.0 0
1709024075783 78.0 0
1709024075789 38.0 0
1709024075790 67.0 0
1709024075791 77.0 0
1709024075792 71.0 0
1709024075793 96.0 0
1709024075795 19.0 0
1709024075796 60.0 0
1709024075799 8.0 0
1709024075800 29.0 0
1709024075802 85.0 0
1709024075805 53.0 0
1709024075809 11.0 0
1709024075810 85.0 0
1709024075812 39.0 0
1709024075813 57.0 0
1709024075818 29.0 0
1709024075820 11.0 0
1709024075827 26.0 0
1709024075829 84.0 0
1709024075831 70.0 0
1709024075838 97.0 0
1709024075839 64.0 0
1709024075855 66.0 0
1709024075858 94.0 0
1709024075860 0.0 0
1709024075861 85.0 0
1709024075862 67.0 0
1709024075868 54.0 0
1709024075869 69.0 0
1709024075871 52.0 0
1709024075872 0.0 0
1709024075873 86.0 0
1709024075873 18.0 0
1709024075874 49.0 0
1709024075875 27.0 0
1709024075878 93.0 0
1709024075879 76.0 0
1709024075886 49.0 0
1709024075887 74.0 0
1709024075890 98.0 0
1709024075892 32.0 0
1709024075892 36.0 0
1709024075896 46.0 0
1709024075897 67.0 0
1709024075898 55.0 0
1709024075903 10.0 0
1709024075907 9.0 0
1709024075908 96.0 0
1709024075909 26.0 0
1709024075910 94.0 0
1709024075910 71.0 0
1709024075911 82.0 0
1709024075912 62.0 0
1709024075915 97.0 0
1709024075916 60.0 0
1709024075918 53.0 0
1709024075920 75.0 0
1709024075921 45.0 0
1709024075924 34.0 0
1709024075925 71.0 0
1709024075930 25.0 0
1709024075930 36.0 0
1709024075932 55.0 0
1709024075934 55.0 0
1709024075937 8.0 0
1709024075939 73.0 0
1709024075941 20.0 0
1709024075944 80.0 0
1709024075951 14.0 0
1709024075954 98.0 0
1709024075955 54.0 0
1709024075966 51.0 0
1709024075968 62.0 0
1709024075977 48.0 0
1709024075981 56.0 0
1709024075982 50.0 0
1709024075983 88.0 0
1709024075984 99.0 0
1709024075986 44.0 0
1709024075987 0.0 0
1709024075988 98.0 0
1709024075993 74.0 0
1709024075999 72.0 0
1709024076000 2.0 0
1709024076001 7.0 0
1709024076003 32.0 0
1709024076004 9.0 0
1709024076006 52.0 0
1709024076008 1.0 0
1709024076018 68.0 0
1709024076019 61.0 0
1709024076021 57.0 0
1709024076026 23.0 0
1709024076030 85.0 0
1709024076032 86.0 0
1709024076034 2.0 0
1709024076035 71.0 0
1709024076036 20.0 0
1709024076037 35.0 0
1709024076039 74.0 0
1709024076041 66.0 0
1709024076044 41.0 0
1709024076045 24.0 0
1709024076045 29.0 0
1709024076048 81.0 0
1709024076050 88.0 0
1709024076052 29.0 0
1709024076054 40.0 0
1709024076055 43.0 0
1709024076058 8.0 0
1709024076059 1.0 0
1709024076062 47.0 0
1709024076062 28.0 0
1709024076064 98.0 0
1709024076066 58.0 0
1709024076069 44.0 0
1709024076070 72.0 0
1709024076071 59.0 0
1709024076075 55.0 0
1709024076078 3.0 0
1709024076079 77.0 0
1709024076080 85.0 0
1709024076081 40.0 0
1709024076084 78.0 0
1709024076086 61.0 0
1709024076087 41.0 0
1709024076089 38.0 0
1709024076090 5.0 0
1709024076091 98.0 0
1709024076092 89.0 0
1709024076099 8.0 0
1709024076104 29.0 0
1709024076105 82.0 0
1709024076106 56.0 0
1709024076107 27.0 0
1709024076110 18.0 0
1709024076111 59.0 0
1709024076113 78.0 0
1709024076117 34.0 0
1709024076119 25.0 0
1709024076124 25.0 0
1709024076126 27.0 0
1709024076129 47.0 0
1709024076131 14.0 0
1709024076132 68.0 0
1709024076137 87.0 0
1709024076141 83.0 0
1709024076141 28.0 0
1709024076143 81.0 0
1709024076145 54.0 0
1709024076150 22.0 0
1709024076150 42.0 0
1709024076158 26.0 0
1709024076159 2.0 0
1709024076161 51.0 0
1709024076167 76.0 0
1709024076169 24.0 0
1709024076170 80.0 0
1709024076174 41.0 0
1709024076175 91.0 0
1709024076178 35.0 0
1709024076181 24.0 0
1709024076183 50.0 0
1709024076184 48.0 0
1709024076184 53.0 0
1709024076188 97.0 0
1709024076189 40.0 0
1709024076191 89.0 0
1709024076192 29.0 0
1709024076193 50.0 0
1709024076194 26.0 0
1709024076196 13.0 0
1709024076197 3.0 0
1709024076198 83.0 0
1709024076200 53.0 0
1709024076201 86.0 0
1709024076203 16.0 0
1709024076206 77.0 0
1709024076206 84.0 0
1709024076217 53.0 0
1709024076219 33.0 0
1709024076221 47.0 0
1709024076224 4.0 0
1709024076238 34.0 0
1709024076239 2.0 0
1709024076241 59.0 0
1709024076242 47.0 0
1709024076244 7.0 0
1709024076248 1.0 0
1709024076249 38.0 0
1709024076250 27.0 0
1709024076253 82.0 0
1709024076256 98.0 0
1709024076259 90.0 0
1709024076261 91.0 0
1709024076263 63.0 0
1709024076266 67.0 0
1709024076269 97.0 0
1709024076270 69.0 0
1709024076274 18.0 0
1709024076275 70.0 0
